# This file was produced by samtools stats (1.22.1+htslib-1.22.1) and can be plotted using plot-bamstats
# This file contains statistics for all reads.
# The command line was:  stats results/BAM/Sample_02_markdup.bam
# CHK, Checksum	[2]Read Names	[3]Sequences	[4]Qualities
# CHK, CRC32 of reads which passed filtering followed by addition (32bit overflow)
CHK	f3bcd10b	f6e233fe	e03558ac
# Summary Numbers. Use `grep ^SN | cut -f 2-` to extract this part.
SN	raw total sequences:	1954015	# excluding supplementary and secondary reads
SN	filtered sequences:	0
SN	sequences:	1954015
SN	is sorted:	1	# sorted by coordinate
SN	1st fragments:	977363
SN	last fragments:	976652
SN	reads mapped:	1954015
SN	reads mapped and paired:	1953827	# paired-end technology bit set + both mates mapped
SN	reads unmapped:	0
SN	reads properly paired:	1944836	# proper-pair bit set
SN	reads paired:	1954015	# paired-end technology bit set
SN	reads duplicated:	22586	# PCR or optical duplicate bit set
SN	reads MQ0:	0	# mapped and MQ=0
SN	reads QC failed:	0
SN	non-primary alignments:	0
SN	supplementary alignments:	936
SN	total length:	286022960	# ignores clipping
SN	total first fragment length:	143062544	# ignores clipping
SN	total last fragment length:	142960416	# ignores clipping
SN	bases mapped:	286022960	# ignores clipping
SN	bases mapped (cigar):	285666820	# more accurate
SN	bases trimmed:	0
SN	bases duplicated:	3329366
SN	mismatches:	1069898	# from NM fields
SN	error rate:	3.745265e-03	# mismatches / bases mapped (cigar)
SN	average length:	146
SN	average first fragment length:	146
SN	average last fragment length:	146
SN	maximum length:	150
SN	maximum first fragment length:	150
SN	maximum last fragment length:	150
SN	average quality:	39.3
SN	insert size average:	208.4
SN	insert size standard deviation:	64.1
SN	inward oriented pairs:	973858
SN	outward oriented pairs:	621
SN	pairs with other orientation:	74
SN	pairs on different chromosomes:	2284
SN	percentage of properly paired reads (%):	99.5
# First Fragment Qualities. Use `grep ^FFQ | cut -f 2-` to extract this part.
# Columns correspond to qualities and rows to cycles. First column is the cycle number.
FFQ	1	0	0	0	0	0	0	0	0	0	0	0	0	19405	0	0	0	0	0	0	0	0	0	0	0	52865	0	0	0	0	0	0	0	0	0	0	0	0	0	0	0	905093	0
FFQ	2	0	0	3308	0	0	0	0	0	0	0	0	0	12730	0	0	0	0	0	0	0	0	0	0	0	26883	0	0	0	0	0	0	0	0	0	0	0	0	0	0	0	934442	0
FFQ	3	0	0	0	0	0	0	0	0	0	0	0	0	14022	0	0	0	0	0	0	0	0	0	0	0	29836	0	0	0	0	0	0	0	0	0	0	0	0	0	0	0	933505	0
FFQ	4	0	0	857	0	0	0	0	0	0	0	0	0	14008	0	0	0	0	0	0	0	0	0	0	0	29008	0	0	0	0	0	0	0	0	0	0	0	0	0	0	0	933490	0
FFQ	5	0	0	0	0	0	0	0	0	0	0	0	0	13265	0	0	0	0	0	0	0	0	0	0	0	28207	0	0	0	0	0	0	0	0	0	0	0	0	0	0	0	935891	0
FFQ	6	0	0	0	0	0	0	0	0	0	0	0	0	12422	0	0	0	0	0	0	0	0	0	0	0	27743	0	0	0	0	0	0	0	0	0	0	0	0	0	0	0	937198	0
FFQ	7	0	0	9	0	0	0	0	0	0	0	0	0	11808	0	0	0	0	0	0	0	0	0	0	0	26910	0	0	0	0	0	0	0	0	0	0	0	0	0	0	0	938636	0
FFQ	8	0	0	0	0	0	0	0	0	0	0	0	0	11180	0	0	0	0	0	0	0	0	0	0	0	25969	0	0	0	0	0	0	0	0	0	0	0	0	0	0	0	940214	0
FFQ	9	0	0	883	0	0	0	0	0	0	0	0	0	10783	0	0	0	0	0	0	0	0	0	0	0	25678	0	0	0	0	0	0	0	0	0	0	0	0	0	0	0	940019	0
FFQ	10	0	0	0	0	0	0	0	0	0	0	0	0	10368	0	0	0	0	0	0	0	0	0	0	0	24986	0	0	0	0	0	0	0	0	0	0	0	0	0	0	0	942009	0
FFQ	11	0	0	0	0	0	0	0	0	0	0	0	0	10100	0	0	0	0	0	0	0	0	0	0	0	24821	0	0	0	0	0	0	0	0	0	0	0	0	0	0	0	942442	0
FFQ	12	0	0	0	0	0	0	0	0	0	0	0	0	9904	0	0	0	0	0	0	0	0	0	0	0	24498	0	0	0	0	0	0	0	0	0	0	0	0	0	0	0	942961	0
FFQ	13	0	0	0	0	0	0	0	0	0	0	0	0	9604	0	0	0	0	0	0	0	0	0	0	0	24030	0	0	0	0	0	0	0	0	0	0	0	0	0	0	0	943729	0
FFQ	14	0	0	0	0	0	0	0	0	0	0	0	0	9595	0	0	0	0	0	0	0	0	0	0	0	24336	0	0	0	0	0	0	0	0	0	0	0	0	0	0	0	943432	0
FFQ	15	0	0	2	0	0	0	0	0	0	0	0	0	9238	0	0	0	0	0	0	0	0	0	0	0	23743	0	0	0	0	0	0	0	0	0	0	0	0	0	0	0	944380	0
FFQ	16	0	0	0	0	0	0	0	0	0	0	0	0	7083	0	0	0	0	0	0	0	0	0	0	0	19923	0	0	0	0	0	0	0	0	0	0	0	0	0	0	0	950357	0
FFQ	17	0	0	0	0	0	0	0	0	0	0	0	0	7106	0	0	0	0	0	0	0	0	0	0	0	19833	0	0	0	0	0	0	0	0	0	0	0	0	0	0	0	950424	0
FFQ	18	0	0	18	0	0	0	0	0	0	0	0	0	7166	0	0	0	0	0	0	0	0	0	0	0	19968	0	0	0	0	0	0	0	0	0	0	0	0	0	0	0	950211	0
FFQ	19	0	0	0	0	0	0	0	0	0	0	0	0	6997	0	0	0	0	0	0	0	0	0	0	0	19230	0	0	0	0	0	0	0	0	0	0	0	0	0	0	0	951136	0
FFQ	20	0	0	3	0	0	0	0	0	0	0	0	0	6656	0	0	0	0	0	0	0	0	0	0	0	19239	0	0	0	0	0	0	0	0	0	0	0	0	0	0	0	951465	0
FFQ	21	0	0	0	0	0	0	0	0	0	0	0	0	6637	0	0	0	0	0	0	0	0	0	0	0	18985	0	0	0	0	0	0	0	0	0	0	0	0	0	0	0	951741	0
FFQ	22	0	0	0	0	0	0	0	0	0	0	0	0	6767	0	0	0	0	0	0	0	0	0	0	0	19218	0	0	0	0	0	0	0	0	0	0	0	0	0	0	0	951378	0
FFQ	23	0	0	0	0	0	0	0	0	0	0	0	0	6452	0	0	0	0	0	0	0	0	0	0	0	18898	0	0	0	0	0	0	0	0	0	0	0	0	0	0	0	952013	0
FFQ	24	0	0	1	0	0	0	0	0	0	0	0	0	6709	0	0	0	0	0	0	0	0	0	0	0	19097	0	0	0	0	0	0	0	0	0	0	0	0	0	0	0	951556	0
FFQ	25	0	0	4	0	0	0	0	0	0	0	0	0	6291	0	0	0	0	0	0	0	0	0	0	0	18712	0	0	0	0	0	0	0	0	0	0	0	0	0	0	0	952356	0
FFQ	26	0	0	0	0	0	0	0	0	0	0	0	0	10573	0	0	0	0	0	0	0	0	0	0	0	23355	0	0	0	0	0	0	0	0	0	0	0	0	0	0	0	943435	0
FFQ	27	0	0	0	0	0	0	0	0	0	0	0	0	10545	0	0	0	0	0	0	0	0	0	0	0	23266	0	0	0	0	0	0	0	0	0	0	0	0	0	0	0	943552	0
FFQ	28	0	0	0	0	0	0	0	0	0	0	0	0	10496	0	0	0	0	0	0	0	0	0	0	0	23144	0	0	0	0	0	0	0	0	0	0	0	0	0	0	0	943723	0
FFQ	29	0	0	10	0	0	0	0	0	0	0	0	0	10903	0	0	0	0	0	0	0	0	0	0	0	23213	0	0	0	0	0	0	0	0	0	0	0	0	0	0	0	943237	0
FFQ	30	0	0	0	0	0	0	0	0	0	0	0	0	10624	0	0	0	0	0	0	0	0	0	0	0	23109	0	0	0	0	0	0	0	0	0	0	0	0	0	0	0	943630	0
FFQ	31	0	0	0	0	0	0	0	0	0	0	0	0	10652	0	0	0	0	0	0	0	0	0	0	0	22909	0	0	0	0	0	0	0	0	0	0	0	0	0	0	0	943802	0
FFQ	32	0	0	0	0	0	0	0	0	0	0	0	0	10669	0	0	0	0	0	0	0	0	0	0	0	22947	0	0	0	0	0	0	0	0	0	0	0	0	0	0	0	943745	0
FFQ	33	0	0	0	0	0	0	0	0	0	0	0	0	11370	0	0	0	0	0	0	0	0	0	0	0	22854	0	0	0	0	0	0	0	0	0	0	0	0	0	0	0	943132	0
FFQ	34	0	0	0	0	0	0	0	0	0	0	0	0	10331	0	0	0	0	0	0	0	0	0	0	0	23020	0	0	0	0	0	0	0	0	0	0	0	0	0	0	0	944002	0
FFQ	35	0	0	0	0	0	0	0	0	0	0	0	0	10531	0	0	0	0	0	0	0	0	0	0	0	22862	0	0	0	0	0	0	0	0	0	0	0	0	0	0	0	943958	0
FFQ	36	0	0	3	0	0	0	0	0	0	0	0	0	10653	0	0	0	0	0	0	0	0	0	0	0	22922	0	0	0	0	0	0	0	0	0	0	0	0	0	0	0	943771	0
FFQ	37	0	0	0	0	0	0	0	0	0	0	0	0	10388	0	0	0	0	0	0	0	0	0	0	0	22724	0	0	0	0	0	0	0	0	0	0	0	0	0	0	0	944236	0
FFQ	38	0	0	1	0	0	0	0	0	0	0	0	0	10440	0	0	0	0	0	0	0	0	0	0	0	22583	0	0	0	0	0	0	0	0	0	0	0	0	0	0	0	944323	0
FFQ	39	0	0	0	0	0	0	0	0	0	0	0	0	10801	0	0	0	0	0	0	0	0	0	0	0	22598	0	0	0	0	0	0	0	0	0	0	0	0	0	0	0	943945	0
FFQ	40	0	0	0	0	0	0	0	0	0	0	0	0	10303	0	0	0	0	0	0	0	0	0	0	0	22473	0	0	0	0	0	0	0	0	0	0	0	0	0	0	0	944567	0
FFQ	41	0	0	8	0	0	0	0	0	0	0	0	0	10260	0	0	0	0	0	0	0	0	0	0	0	22298	0	0	0	0	0	0	0	0	0	0	0	0	0	0	0	944776	0
FFQ	42	0	0	0	0	0	0	0	0	0	0	0	0	10555	0	0	0	0	0	0	0	0	0	0	0	22239	0	0	0	0	0	0	0	0	0	0	0	0	0	0	0	944543	0
FFQ	43	0	0	0	0	0	0	0	0	0	0	0	0	10387	0	0	0	0	0	0	0	0	0	0	0	22521	0	0	0	0	0	0	0	0	0	0	0	0	0	0	0	944426	0
FFQ	44	0	0	0	0	0	0	0	0	0	0	0	0	10698	0	0	0	0	0	0	0	0	0	0	0	22473	0	0	0	0	0	0	0	0	0	0	0	0	0	0	0	944162	0
FFQ	45	0	0	0	0	0	0	0	0	0	0	0	0	10558	0	0	0	0	0	0	0	0	0	0	0	22340	0	0	0	0	0	0	0	0	0	0	0	0	0	0	0	944433	0
FFQ	46	0	0	0	0	0	0	0	0	0	0	0	0	10605	0	0	0	0	0	0	0	0	0	0	0	22391	0	0	0	0	0	0	0	0	0	0	0	0	0	0	0	944332	0
FFQ	47	0	0	0	0	0	0	0	0	0	0	0	0	10329	0	0	0	0	0	0	0	0	0	0	0	22351	0	0	0	0	0	0	0	0	0	0	0	0	0	0	0	944646	0
FFQ	48	0	0	0	0	0	0	0	0	0	0	0	0	10775	0	0	0	0	0	0	0	0	0	0	0	22485	0	0	0	0	0	0	0	0	0	0	0	0	0	0	0	944064	0
FFQ	49	0	0	0	0	0	0	0	0	0	0	0	0	10387	0	0	0	0	0	0	0	0	0	0	0	22091	0	0	0	0	0	0	0	0	0	0	0	0	0	0	0	944840	0
FFQ	50	0	0	5	0	0	0	0	0	0	0	0	0	10836	0	0	0	0	0	0	0	0	0	0	0	22587	0	0	0	0	0	0	0	0	0	0	0	0	0	0	0	943888	0
FFQ	51	0	0	0	0	0	0	0	0	0	0	0	0	10405	0	0	0	0	0	0	0	0	0	0	0	22175	0	0	0	0	0	0	0	0	0	0	0	0	0	0	0	944733	0
FFQ	52	0	0	0	0	0	0	0	0	0	0	0	0	10454	0	0	0	0	0	0	0	0	0	0	0	22358	0	0	0	0	0	0	0	0	0	0	0	0	0	0	0	944495	0
FFQ	53	0	0	0	0	0	0	0	0	0	0	0	0	10275	0	0	0	0	0	0	0	0	0	0	0	22464	0	0	0	0	0	0	0	0	0	0	0	0	0	0	0	944564	0
FFQ	54	0	0	0	0	0	0	0	0	0	0	0	0	10647	0	0	0	0	0	0	0	0	0	0	0	22373	0	0	0	0	0	0	0	0	0	0	0	0	0	0	0	944276	0
FFQ	55	0	0	0	0	0	0	0	0	0	0	0	0	10694	0	0	0	0	0	0	0	0	0	0	0	22345	0	0	0	0	0	0	0	0	0	0	0	0	0	0	0	944254	0
FFQ	56	0	0	0	0	0	0	0	0	0	0	0	0	10531	0	0	0	0	0	0	0	0	0	0	0	22425	0	0	0	0	0	0	0	0	0	0	0	0	0	0	0	944334	0
FFQ	57	0	0	0	0	0	0	0	0	0	0	0	0	10661	0	0	0	0	0	0	0	0	0	0	0	22639	0	0	0	0	0	0	0	0	0	0	0	0	0	0	0	943980	0
FFQ	58	0	0	0	0	0	0	0	0	0	0	0	0	10715	0	0	0	0	0	0	0	0	0	0	0	22456	0	0	0	0	0	0	0	0	0	0	0	0	0	0	0	944101	0
FFQ	59	0	0	0	0	0	0	0	0	0	0	0	0	10659	0	0	0	0	0	0	0	0	0	0	0	22573	0	0	0	0	0	0	0	0	0	0	0	0	0	0	0	944034	0
FFQ	60	0	0	0	0	0	0	0	0	0	0	0	0	11115	0	0	0	0	0	0	0	0	0	0	0	22868	0	0	0	0	0	0	0	0	0	0	0	0	0	0	0	943274	0
FFQ	61	0	0	0	0	0	0	0	0	0	0	0	0	10595	0	0	0	0	0	0	0	0	0	0	0	22599	0	0	0	0	0	0	0	0	0	0	0	0	0	0	0	944060	0
FFQ	62	0	0	0	0	0	0	0	0	0	0	0	0	10942	0	0	0	0	0	0	0	0	0	0	0	22546	0	0	0	0	0	0	0	0	0	0	0	0	0	0	0	943752	0
FFQ	63	0	0	0	0	0	0	0	0	0	0	0	0	10926	0	0	0	0	0	0	0	0	0	0	0	22815	0	0	0	0	0	0	0	0	0	0	0	0	0	0	0	943480	0
FFQ	64	0	0	0	0	0	0	0	0	0	0	0	0	10820	0	0	0	0	0	0	0	0	0	0	0	23106	0	0	0	0	0	0	0	0	0	0	0	0	0	0	0	943279	0
FFQ	65	0	0	0	0	0	0	0	0	0	0	0	0	11092	0	0	0	0	0	0	0	0	0	0	0	22900	0	0	0	0	0	0	0	0	0	0	0	0	0	0	0	943196	0
FFQ	66	0	0	0	0	0	0	0	0	0	0	0	0	11043	0	0	0	0	0	0	0	0	0	0	0	22859	0	0	0	0	0	0	0	0	0	0	0	0	0	0	0	943261	0
FFQ	67	0	0	0	0	0	0	0	0	0	0	0	0	11104	0	0	0	0	0	0	0	0	0	0	0	23025	0	0	0	0	0	0	0	0	0	0	0	0	0	0	0	943009	0
FFQ	68	0	0	1	0	0	0	0	0	0	0	0	0	11308	0	0	0	0	0	0	0	0	0	0	0	23118	0	0	0	0	0	0	0	0	0	0	0	0	0	0	0	942685	0
FFQ	69	0	0	24	0	0	0	0	0	0	0	0	0	11204	0	0	0	0	0	0	0	0	0	0	0	23053	0	0	0	0	0	0	0	0	0	0	0	0	0	0	0	942792	0
FFQ	70	0	0	0	0	0	0	0	0	0	0	0	0	11132	0	0	0	0	0	0	0	0	0	0	0	23253	0	0	0	0	0	0	0	0	0	0	0	0	0	0	0	942659	0
FFQ	71	0	0	0	0	0	0	0	0	0	0	0	0	11166	0	0	0	0	0	0	0	0	0	0	0	23045	0	0	0	0	0	0	0	0	0	0	0	0	0	0	0	942792	0
FFQ	72	0	0	0	0	0	0	0	0	0	0	0	0	11312	0	0	0	0	0	0	0	0	0	0	0	23220	0	0	0	0	0	0	0	0	0	0	0	0	0	0	0	942413	0
FFQ	73	0	0	0	0	0	0	0	0	0	0	0	0	11385	0	0	0	0	0	0	0	0	0	0	0	23377	0	0	0	0	0	0	0	0	0	0	0	0	0	0	0	942134	0
FFQ	74	0	0	0	0	0	0	0	0	0	0	0	0	11217	0	0	0	0	0	0	0	0	0	0	0	23405	0	0	0	0	0	0	0	0	0	0	0	0	0	0	0	942205	0
FFQ	75	0	0	0	0	0	0	0	0	0	0	0	0	11604	0	0	0	0	0	0	0	0	0	0	0	23745	0	0	0	0	0	0	0	0	0	0	0	0	0	0	0	941424	0
FFQ	76	0	0	0	0	0	0	0	0	0	0	0	0	11270	0	0	0	0	0	0	0	0	0	0	0	23632	0	0	0	0	0	0	0	0	0	0	0	0	0	0	0	941796	0
FFQ	77	0	0	0	0	0	0	0	0	0	0	0	0	11209	0	0	0	0	0	0	0	0	0	0	0	23638	0	0	0	0	0	0	0	0	0	0	0	0	0	0	0	941755	0
FFQ	78	0	0	0	0	0	0	0	0	0	0	0	0	11630	0	0	0	0	0	0	0	0	0	0	0	23674	0	0	0	0	0	0	0	0	0	0	0	0	0	0	0	941196	0
FFQ	79	0	0	0	0	0	0	0	0	0	0	0	0	11420	0	0	0	0	0	0	0	0	0	0	0	24015	0	0	0	0	0	0	0	0	0	0	0	0	0	0	0	940961	0
FFQ	80	0	0	0	0	0	0	0	0	0	0	0	0	11469	0	0	0	0	0	0	0	0	0	0	0	23784	0	0	0	0	0	0	0	0	0	0	0	0	0	0	0	941038	0
FFQ	81	0	0	0	0	0	0	0	0	0	0	0	0	11746	0	0	0	0	0	0	0	0	0	0	0	23797	0	0	0	0	0	0	0	0	0	0	0	0	0	0	0	940632	0
FFQ	82	0	0	3	0	0	0	0	0	0	0	0	0	11694	0	0	0	0	0	0	0	0	0	0	0	23881	0	0	0	0	0	0	0	0	0	0	0	0	0	0	0	940435	0
FFQ	83	0	0	39	0	0	0	0	0	0	0	0	0	11844	0	0	0	0	0	0	0	0	0	0	0	23972	0	0	0	0	0	0	0	0	0	0	0	0	0	0	0	939988	0
FFQ	84	0	0	0	0	0	0	0	0	0	0	0	0	11764	0	0	0	0	0	0	0	0	0	0	0	24381	0	0	0	0	0	0	0	0	0	0	0	0	0	0	0	939514	0
FFQ	85	0	0	0	0	0	0	0	0	0	0	0	0	11622	0	0	0	0	0	0	0	0	0	0	0	23921	0	0	0	0	0	0	0	0	0	0	0	0	0	0	0	939913	0
FFQ	86	0	0	0	0	0	0	0	0	0	0	0	0	11895	0	0	0	0	0	0	0	0	0	0	0	24157	0	0	0	0	0	0	0	0	0	0	0	0	0	0	0	939165	0
FFQ	87	0	0	0	0	0	0	0	0	0	0	0	0	11836	0	0	0	0	0	0	0	0	0	0	0	24354	0	0	0	0	0	0	0	0	0	0	0	0	0	0	0	938768	0
FFQ	88	0	0	15	0	0	0	0	0	0	0	0	0	11942	0	0	0	0	0	0	0	0	0	0	0	24678	0	0	0	0	0	0	0	0	0	0	0	0	0	0	0	938060	0
FFQ	89	0	0	0	0	0	0	0	0	0	0	0	0	12125	0	0	0	0	0	0	0	0	0	0	0	24425	0	0	0	0	0	0	0	0	0	0	0	0	0	0	0	937836	0
FFQ	90	0	0	7	0	0	0	0	0	0	0	0	0	11824	0	0	0	0	0	0	0	0	0	0	0	24342	0	0	0	0	0	0	0	0	0	0	0	0	0	0	0	937872	0
FFQ	91	0	0	0	0	0	0	0	0	0	0	0	0	12032	0	0	0	0	0	0	0	0	0	0	0	24547	0	0	0	0	0	0	0	0	0	0	0	0	0	0	0	937124	0
FFQ	92	0	0	0	0	0	0	0	0	0	0	0	0	12003	0	0	0	0	0	0	0	0	0	0	0	24608	0	0	0	0	0	0	0	0	0	0	0	0	0	0	0	936701	0
FFQ	93	0	0	12	0	0	0	0	0	0	0	0	0	12156	0	0	0	0	0	0	0	0	0	0	0	24651	0	0	0	0	0	0	0	0	0	0	0	0	0	0	0	936039	0
FFQ	94	0	0	0	0	0	0	0	0	0	0	0	0	12268	0	0	0	0	0	0	0	0	0	0	0	24991	0	0	0	0	0	0	0	0	0	0	0	0	0	0	0	935122	0
FFQ	95	0	0	0	0	0	0	0	0	0	0	0	0	12079	0	0	0	0	0	0	0	0	0	0	0	24841	0	0	0	0	0	0	0	0	0	0	0	0	0	0	0	934966	0
FFQ	96	0	0	0	0	0	0	0	0	0	0	0	0	12350	0	0	0	0	0	0	0	0	0	0	0	24894	0	0	0	0	0	0	0	0	0	0	0	0	0	0	0	934091	0
FFQ	97	0	0	0	0	0	0	0	0	0	0	0	0	12507	0	0	0	0	0	0	0	0	0	0	0	25239	0	0	0	0	0	0	0	0	0	0	0	0	0	0	0	932984	0
FFQ	98	0	0	5	0	0	0	0	0	0	0	0	0	12359	0	0	0	0	0	0	0	0	0	0	0	25383	0	0	0	0	0	0	0	0	0	0	0	0	0	0	0	932305	0
FFQ	99	0	0	2	0	0	0	0	0	0	0	0	0	12269	0	0	0	0	0	0	0	0	0	0	0	24984	0	0	0	0	0	0	0	0	0	0	0	0	0	0	0	932097	0
FFQ	100	0	0	0	0	0	0	0	0	0	0	0	0	12605	0	0	0	0	0	0	0	0	0	0	0	24942	0	0	0	0	0	0	0	0	0	0	0	0	0	0	0	931060	0
FFQ	101	0	0	0	0	0	0	0	0	0	0	0	0	12658	0	0	0	0	0	0	0	0	0	0	0	25607	0	0	0	0	0	0	0	0	0	0	0	0	0	0	0	929495	0
FFQ	102	0	0	10	0	0	0	0	0	0	0	0	0	12505	0	0	0	0	0	0	0	0	0	0	0	25611	0	0	0	0	0	0	0	0	0	0	0	0	0	0	0	928699	0
FFQ	103	0	0	1219	0	0	0	0	0	0	0	0	0	13017	0	0	0	0	0	0	0	0	0	0	0	25980	0	0	0	0	0	0	0	0	0	0	0	0	0	0	0	925643	0
FFQ	104	0	0	0	0	0	0	0	0	0	0	0	0	12659	0	0	0	0	0	0	0	0	0	0	0	25521	0	0	0	0	0	0	0	0	0	0	0	0	0	0	0	926581	0
FFQ	105	0	0	0	0	0	0	0	0	0	0	0	0	12653	0	0	0	0	0	0	0	0	0	0	0	25452	0	0	0	0	0	0	0	0	0	0	0	0	0	0	0	925512	0
FFQ	106	0	0	0	0	0	0	0	0	0	0	0	0	13400	0	0	0	0	0	0	0	0	0	0	0	25696	0	0	0	0	0	0	0	0	0	0	0	0	0	0	0	923325	0
FFQ	107	0	0	11	0	0	0	0	0	0	0	0	0	12924	0	0	0	0	0	0	0	0	0	0	0	25792	0	0	0	0	0	0	0	0	0	0	0	0	0	0	0	922455	0
FFQ	108	0	0	0	0	0	0	0	0	0	0	0	0	13035	0	0	0	0	0	0	0	0	0	0	0	26092	0	0	0	0	0	0	0	0	0	0	0	0	0	0	0	920658	0
FFQ	109	0	0	0	0	0	0	0	0	0	0	0	0	12848	0	0	0	0	0	0	0	0	0	0	0	25935	0	0	0	0	0	0	0	0	0	0	0	0	0	0	0	919479	0
FFQ	110	0	0	0	0	0	0	0	0	0	0	0	0	13114	0	0	0	0	0	0	0	0	0	0	0	25923	0	0	0	0	0	0	0	0	0	0	0	0	0	0	0	917595	0
FFQ	111	0	0	0	0	0	0	0	0	0	0	0	0	13224	0	0	0	0	0	0	0	0	0	0	0	25995	0	0	0	0	0	0	0	0	0	0	0	0	0	0	0	915728	0
FFQ	112	0	0	7	0	0	0	0	0	0	0	0	0	13061	0	0	0	0	0	0	0	0	0	0	0	25814	0	0	0	0	0	0	0	0	0	0	0	0	0	0	0	914303	0
FFQ	113	0	0	0	0	0	0	0	0	0	0	0	0	13151	0	0	0	0	0	0	0	0	0	0	0	26089	0	0	0	0	0	0	0	0	0	0	0	0	0	0	0	912083	0
FFQ	114	0	0	0	0	0	0	0	0	0	0	0	0	13318	0	0	0	0	0	0	0	0	0	0	0	25949	0	0	0	0	0	0	0	0	0	0	0	0	0	0	0	910104	0
FFQ	115	0	0	529	0	0	0	0	0	0	0	0	0	13181	0	0	0	0	0	0	0	0	0	0	0	25985	0	0	0	0	0	0	0	0	0	0	0	0	0	0	0	907560	0
FFQ	116	0	0	0	0	0	0	0	0	0	0	0	0	13418	0	0	0	0	0	0	0	0	0	0	0	26065	0	0	0	0	0	0	0	0	0	0	0	0	0	0	0	905657	0
FFQ	117	0	0	0	0	0	0	0	0	0	0	0	0	13451	0	0	0	0	0	0	0	0	0	0	0	26066	0	0	0	0	0	0	0	0	0	0	0	0	0	0	0	903339	0
FFQ	118	0	0	0	0	0	0	0	0	0	0	0	0	13294	0	0	0	0	0	0	0	0	0	0	0	26041	0	0	0	0	0	0	0	0	0	0	0	0	0	0	0	901214	0
FFQ	119	0	0	0	0	0	0	0	0	0	0	0	0	13204	0	0	0	0	0	0	0	0	0	0	0	26265	0	0	0	0	0	0	0	0	0	0	0	0	0	0	0	898668	0
FFQ	120	0	0	1	0	0	0	0	0	0	0	0	0	13441	0	0	0	0	0	0	0	0	0	0	0	26207	0	0	0	0	0	0	0	0	0	0	0	0	0	0	0	895958	0
FFQ	121	0	0	0	0	0	0	0	0	0	0	0	0	13403	0	0	0	0	0	0	0	0	0	0	0	26132	0	0	0	0	0	0	0	0	0	0	0	0	0	0	0	893384	0
FFQ	122	0	0	0	0	0	0	0	0	0	0	0	0	13571	0	0	0	0	0	0	0	0	0	0	0	25938	0	0	0	0	0	0	0	0	0	0	0	0	0	0	0	890621	0
FFQ	123	0	0	0	0	0	0	0	0	0	0	0	0	13389	0	0	0	0	0	0	0	0	0	0	0	26201	0	0	0	0	0	0	0	0	0	0	0	0	0	0	0	887713	0
FFQ	124	0	0	0	0	0	0	0	0	0	0	0	0	13566	0	0	0	0	0	0	0	0	0	0	0	25949	0	0	0	0	0	0	0	0	0	0	0	0	0	0	0	884798	0
FFQ	125	0	0	0	0	0	0	0	0	0	0	0	0	13557	0	0	0	0	0	0	0	0	0	0	0	26387	0	0	0	0	0	0	0	0	0	0	0	0	0	0	0	881237	0
FFQ	126	0	0	3	0	0	0	0	0	0	0	0	0	13389	0	0	0	0	0	0	0	0	0	0	0	26059	0	0	0	0	0	0	0	0	0	0	0	0	0	0	0	878580	0
FFQ	127	0	0	1	0	0	0	0	0	0	0	0	0	13337	0	0	0	0	0	0	0	0	0	0	0	26233	0	0	0	0	0	0	0	0	0	0	0	0	0	0	0	875159	0
FFQ	128	0	0	10	0	0	0	0	0	0	0	0	0	13348	0	0	0	0	0	0	0	0	0	0	0	26231	0	0	0	0	0	0	0	0	0	0	0	0	0	0	0	871572	0
FFQ	129	0	0	87	0	0	0	0	0	0	0	0	0	13483	0	0	0	0	0	0	0	0	0	0	0	26300	0	0	0	0	0	0	0	0	0	0	0	0	0	0	0	867756	0
FFQ	130	0	0	0	0	0	0	0	0	0	0	0	0	13456	0	0	0	0	0	0	0	0	0	0	0	26325	0	0	0	0	0	0	0	0	0	0	0	0	0	0	0	864096	0
FFQ	131	0	0	0	0	0	0	0	0	0	0	0	0	13474	0	0	0	0	0	0	0	0	0	0	0	25805	0	0	0	0	0	0	0	0	0	0	0	0	0	0	0	860818	0
FFQ	132	0	0	0	0	0	0	0	0	0	0	0	0	13571	0	0	0	0	0	0	0	0	0	0	0	25650	0	0	0	0	0	0	0	0	0	0	0	0	0	0	0	856892	0
FFQ	133	0	0	0	0	0	0	0	0	0	0	0	0	13553	0	0	0	0	0	0	0	0	0	0	0	25665	0	0	0	0	0	0	0	0	0	0	0	0	0	0	0	852843	0
FFQ	134	0	0	0	0	0	0	0	0	0	0	0	0	13353	0	0	0	0	0	0	0	0	0	0	0	25710	0	0	0	0	0	0	0	0	0	0	0	0	0	0	0	848862	0
FFQ	135	0	0	0	0	0	0	0	0	0	0	0	0	13324	0	0	0	0	0	0	0	0	0	0	0	25857	0	0	0	0	0	0	0	0	0	0	0	0	0	0	0	844510	0
FFQ	136	0	0	0	0	0	0	0	0	0	0	0	0	13445	0	0	0	0	0	0	0	0	0	0	0	25757	0	0	0	0	0	0	0	0	0	0	0	0	0	0	0	840134	0
FFQ	137	0	0	0	0	0	0	0	0	0	0	0	0	13697	0	0	0	0	0	0	0	0	0	0	0	25580	0	0	0	0	0	0	0	0	0	0	0	0	0	0	0	835744	0
FFQ	138	0	0	3735	0	0	0	0	0	0	0	0	0	13768	0	0	0	0	0	0	0	0	0	0	0	25638	0	0	0	0	0	0	0	0	0	0	0	0	0	0	0	827329	0
FFQ	139	0	0	18	0	0	0	0	0	0	0	0	0	13320	0	0	0	0	0	0	0	0	0	0	0	25365	0	0	0	0	0	0	0	0	0	0	0	0	0	0	0	827158	0
FFQ	140	0	0	0	0	0	0	0	0	0	0	0	0	13552	0	0	0	0	0	0	0	0	0	0	0	25311	0	0	0	0	0	0	0	0	0	0	0	0	0	0	0	822355	0
FFQ	141	0	0	15	0	0	0	0	0	0	0	0	0	13311	0	0	0	0	0	0	0	0	0	0	0	25395	0	0	0	0	0	0	0	0	0	0	0	0	0	0	0	817673	0
FFQ	142	0	0	0	0	0	0	0	0	0	0	0	0	13266	0	0	0	0	0	0	0	0	0	0	0	25278	0	0	0	0	0	0	0	0	0	0	0	0	0	0	0	812883	0
FFQ	143	0	0	0	0	0	0	0	0	0	0	0	0	13324	0	0	0	0	0	0	0	0	0	0	0	25110	0	0	0	0	0	0	0	0	0	0	0	0	0	0	0	807851	0
FFQ	144	0	0	0	0	0	0	0	0	0	0	0	0	13030	0	0	0	0	0	0	0	0	0	0	0	24678	0	0	0	0	0	0	0	0	0	0	0	0	0	0	0	803433	0
FFQ	145	0	0	0	0	0	0	0	0	0	0	0	0	13053	0	0	0	0	0	0	0	0	0	0	0	24826	0	0	0	0	0	0	0	0	0	0	0	0	0	0	0	798125	0
FFQ	146	0	0	0	0	0	0	0	0	0	0	0	0	13409	0	0	0	0	0	0	0	0	0	0	0	24711	0	0	0	0	0	0	0	0	0	0	0	0	0	0	0	791934	0
FFQ	147	0	0	0	0	0	0	0	0	0	0	0	0	13069	0	0	0	0	0	0	0	0	0	0	0	24667	0	0	0	0	0	0	0	0	0	0	0	0	0	0	0	787061	0
FFQ	148	0	0	0	0	0	0	0	0	0	0	0	0	13025	0	0	0	0	0	0	0	0	0	0	0	24186	0	0	0	0	0	0	0	0	0	0	0	0	0	0	0	782249	0
FFQ	149	0	0	886	0	0	0	0	0	0	0	0	0	13648	0	0	0	0	0	0	0	0	0	0	0	24636	0	0	0	0	0	0	0	0	0	0	0	0	0	0	0	774880	0
FFQ	150	0	0	3	0	0	0	0	0	0	0	0	0	16776	0	0	0	0	0	0	0	0	0	0	0	29659	0	0	0	0	0	0	0	0	0	0	0	0	0	0	0	762153	0
# Last Fragment Qualities. Use `grep ^LFQ | cut -f 2-` to extract this part.
# Columns correspond to qualities and rows to cycles. First column is the cycle number.
LFQ	1	0	0	2151	0	0	0	0	0	0	0	0	0	20122	0	0	0	0	0	0	0	0	0	0	0	52132	0	0	0	0	0	0	0	0	0	0	0	0	0	0	0	902247	0
LFQ	2	0	0	1362	0	0	0	0	0	0	0	0	0	11903	0	0	0	0	0	0	0	0	0	0	0	23592	0	0	0	0	0	0	0	0	0	0	0	0	0	0	0	939795	0
LFQ	3	0	0	0	0	0	0	0	0	0	0	0	0	10866	0	0	0	0	0	0	0	0	0	0	0	22416	0	0	0	0	0	0	0	0	0	0	0	0	0	0	0	943370	0
LFQ	4	0	0	0	0	0	0	0	0	0	0	0	0	9564	0	0	0	0	0	0	0	0	0	0	0	20771	0	0	0	0	0	0	0	0	0	0	0	0	0	0	0	946317	0
LFQ	5	0	0	16	0	0	0	0	0	0	0	0	0	9022	0	0	0	0	0	0	0	0	0	0	0	19960	0	0	0	0	0	0	0	0	0	0	0	0	0	0	0	947654	0
LFQ	6	0	0	0	0	0	0	0	0	0	0	0	0	8669	0	0	0	0	0	0	0	0	0	0	0	18949	0	0	0	0	0	0	0	0	0	0	0	0	0	0	0	949034	0
LFQ	7	0	0	5	0	0	0	0	0	0	0	0	0	7998	0	0	0	0	0	0	0	0	0	0	0	18437	0	0	0	0	0	0	0	0	0	0	0	0	0	0	0	950212	0
LFQ	8	0	0	78	0	0	0	0	0	0	0	0	0	7541	0	0	0	0	0	0	0	0	0	0	0	17924	0	0	0	0	0	0	0	0	0	0	0	0	0	0	0	951109	0
LFQ	9	0	0	0	0	0	0	0	0	0	0	0	0	7587	0	0	0	0	0	0	0	0	0	0	0	17705	0	0	0	0	0	0	0	0	0	0	0	0	0	0	0	951360	0
LFQ	10	0	0	0	0	0	0	0	0	0	0	0	0	7494	0	0	0	0	0	0	0	0	0	0	0	17311	0	0	0	0	0	0	0	0	0	0	0	0	0	0	0	951847	0
LFQ	11	0	0	0	0	0	0	0	0	0	0	0	0	7020	0	0	0	0	0	0	0	0	0	0	0	16717	0	0	0	0	0	0	0	0	0	0	0	0	0	0	0	952915	0
LFQ	12	0	0	0	0	0	0	0	0	0	0	0	0	7024	0	0	0	0	0	0	0	0	0	0	0	16567	0	0	0	0	0	0	0	0	0	0	0	0	0	0	0	953061	0
LFQ	13	0	0	0	0	0	0	0	0	0	0	0	0	6813	0	0	0	0	0	0	0	0	0	0	0	16374	0	0	0	0	0	0	0	0	0	0	0	0	0	0	0	953465	0
LFQ	14	0	0	0	0	0	0	0	0	0	0	0	0	6776	0	0	0	0	0	0	0	0	0	0	0	16462	0	0	0	0	0	0	0	0	0	0	0	0	0	0	0	953414	0
LFQ	15	0	0	0	0	0	0	0	0	0	0	0	0	6700	0	0	0	0	0	0	0	0	0	0	0	16025	0	0	0	0	0	0	0	0	0	0	0	0	0	0	0	953927	0
LFQ	16	0	0	0	0	0	0	0	0	0	0	0	0	6660	0	0	0	0	0	0	0	0	0	0	0	16124	0	0	0	0	0	0	0	0	0	0	0	0	0	0	0	953868	0
LFQ	17	0	0	0	0	0	0	0	0	0	0	0	0	6846	0	0	0	0	0	0	0	0	0	0	0	16118	0	0	0	0	0	0	0	0	0	0	0	0	0	0	0	953688	0
LFQ	18	0	0	0	0	0	0	0	0	0	0	0	0	6630	0	0	0	0	0	0	0	0	0	0	0	15546	0	0	0	0	0	0	0	0	0	0	0	0	0	0	0	954476	0
LFQ	19	0	0	0	0	0	0	0	0	0	0	0	0	6582	0	0	0	0	0	0	0	0	0	0	0	15728	0	0	0	0	0	0	0	0	0	0	0	0	0	0	0	954342	0
LFQ	20	0	0	12	0	0	0	0	0	0	0	0	0	6623	0	0	0	0	0	0	0	0	0	0	0	15257	0	0	0	0	0	0	0	0	0	0	0	0	0	0	0	954760	0
LFQ	21	0	0	0	0	0	0	0	0	0	0	0	0	6455	0	0	0	0	0	0	0	0	0	0	0	15320	0	0	0	0	0	0	0	0	0	0	0	0	0	0	0	954877	0
LFQ	22	0	0	1	0	0	0	0	0	0	0	0	0	6539	0	0	0	0	0	0	0	0	0	0	0	15629	0	0	0	0	0	0	0	0	0	0	0	0	0	0	0	954483	0
LFQ	23	0	0	0	0	0	0	0	0	0	0	0	0	6631	0	0	0	0	0	0	0	0	0	0	0	15519	0	0	0	0	0	0	0	0	0	0	0	0	0	0	0	954502	0
LFQ	24	0	0	0	0	0	0	0	0	0	0	0	0	6652	0	0	0	0	0	0	0	0	0	0	0	15629	0	0	0	0	0	0	0	0	0	0	0	0	0	0	0	954371	0
LFQ	25	0	0	0	0	0	0	0	0	0	0	0	0	6576	0	0	0	0	0	0	0	0	0	0	0	15482	0	0	0	0	0	0	0	0	0	0	0	0	0	0	0	954594	0
LFQ	26	0	0	0	0	0	0	0	0	0	0	0	0	9362	0	0	0	0	0	0	0	0	0	0	0	21623	0	0	0	0	0	0	0	0	0	0	0	0	0	0	0	945667	0
LFQ	27	0	0	0	0	0	0	0	0	0	0	0	0	9309	0	0	0	0	0	0	0	0	0	0	0	21088	0	0	0	0	0	0	0	0	0	0	0	0	0	0	0	946255	0
LFQ	28	0	0	0	0	0	0	0	0	0	0	0	0	9139	0	0	0	0	0	0	0	0	0	0	0	20922	0	0	0	0	0	0	0	0	0	0	0	0	0	0	0	946591	0
LFQ	29	0	0	0	0	0	0	0	0	0	0	0	0	9136	0	0	0	0	0	0	0	0	0	0	0	21010	0	0	0	0	0	0	0	0	0	0	0	0	0	0	0	946506	0
LFQ	30	0	0	10	0	0	0	0	0	0	0	0	0	9248	0	0	0	0	0	0	0	0	0	0	0	21072	0	0	0	0	0	0	0	0	0	0	0	0	0	0	0	946322	0
LFQ	31	0	0	0	0	0	0	0	0	0	0	0	0	9279	0	0	0	0	0	0	0	0	0	0	0	20833	0	0	0	0	0	0	0	0	0	0	0	0	0	0	0	946540	0
LFQ	32	0	0	0	0	0	0	0	0	0	0	0	0	9168	0	0	0	0	0	0	0	0	0	0	0	20877	0	0	0	0	0	0	0	0	0	0	0	0	0	0	0	946604	0
LFQ	33	0	0	0	0	0	0	0	0	0	0	0	0	9165	0	0	0	0	0	0	0	0	0	0	0	20669	0	0	0	0	0	0	0	0	0	0	0	0	0	0	0	946811	0
LFQ	34	0	0	0	0	0	0	0	0	0	0	0	0	9256	0	0	0	0	0	0	0	0	0	0	0	20763	0	0	0	0	0	0	0	0	0	0	0	0	0	0	0	946624	0
LFQ	35	0	0	0	0	0	0	0	0	0	0	0	0	9245	0	0	0	0	0	0	0	0	0	0	0	20636	0	0	0	0	0	0	0	0	0	0	0	0	0	0	0	946760	0
LFQ	36	0	0	2	0	0	0	0	0	0	0	0	0	9255	0	0	0	0	0	0	0	0	0	0	0	20757	0	0	0	0	0	0	0	0	0	0	0	0	0	0	0	946625	0
LFQ	37	0	0	0	0	0	0	0	0	0	0	0	0	9211	0	0	0	0	0	0	0	0	0	0	0	20756	0	0	0	0	0	0	0	0	0	0	0	0	0	0	0	946672	0
LFQ	38	0	0	0	0	0	0	0	0	0	0	0	0	9069	0	0	0	0	0	0	0	0	0	0	0	20659	0	0	0	0	0	0	0	0	0	0	0	0	0	0	0	946910	0
LFQ	39	0	0	10	0	0	0	0	0	0	0	0	0	9455	0	0	0	0	0	0	0	0	0	0	0	20707	0	0	0	0	0	0	0	0	0	0	0	0	0	0	0	946463	0
LFQ	40	0	0	0	0	0	0	0	0	0	0	0	0	9439	0	0	0	0	0	0	0	0	0	0	0	20577	0	0	0	0	0	0	0	0	0	0	0	0	0	0	0	946617	0
LFQ	41	0	0	9	0	0	0	0	0	0	0	0	0	9396	0	0	0	0	0	0	0	0	0	0	0	20189	0	0	0	0	0	0	0	0	0	0	0	0	0	0	0	947038	0
LFQ	42	0	0	0	0	0	0	0	0	0	0	0	0	9393	0	0	0	0	0	0	0	0	0	0	0	20467	0	0	0	0	0	0	0	0	0	0	0	0	0	0	0	946767	0
LFQ	43	0	0	68	0	0	0	0	0	0	0	0	0	9393	0	0	0	0	0	0	0	0	0	0	0	20268	0	0	0	0	0	0	0	0	0	0	0	0	0	0	0	946896	0
LFQ	44	0	0	369	0	0	0	0	0	0	0	0	0	9377	0	0	0	0	0	0	0	0	0	0	0	20443	0	0	0	0	0	0	0	0	0	0	0	0	0	0	0	946435	0
LFQ	45	0	0	0	0	0	0	0	0	0	0	0	0	9312	0	0	0	0	0	0	0	0	0	0	0	20681	0	0	0	0	0	0	0	0	0	0	0	0	0	0	0	946628	0
LFQ	46	0	0	0	0	0	0	0	0	0	0	0	0	9463	0	0	0	0	0	0	0	0	0	0	0	20551	0	0	0	0	0	0	0	0	0	0	0	0	0	0	0	946606	0
LFQ	47	0	0	13	0	0	0	0	0	0	0	0	0	9348	0	0	0	0	0	0	0	0	0	0	0	20414	0	0	0	0	0	0	0	0	0	0	0	0	0	0	0	946841	0
LFQ	48	0	0	7	0	0	0	0	0	0	0	0	0	9336	0	0	0	0	0	0	0	0	0	0	0	20469	0	0	0	0	0	0	0	0	0	0	0	0	0	0	0	946801	0
LFQ	49	0	0	0	0	0	0	0	0	0	0	0	0	9431	0	0	0	0	0	0	0	0	0	0	0	20290	0	0	0	0	0	0	0	0	0	0	0	0	0	0	0	946886	0
LFQ	50	0	0	6	0	0	0	0	0	0	0	0	0	9435	0	0	0	0	0	0	0	0	0	0	0	20436	0	0	0	0	0	0	0	0	0	0	0	0	0	0	0	946728	0
LFQ	51	0	0	0	0	0	0	0	0	0	0	0	0	9447	0	0	0	0	0	0	0	0	0	0	0	20267	0	0	0	0	0	0	0	0	0	0	0	0	0	0	0	946888	0
LFQ	52	0	0	1	0	0	0	0	0	0	0	0	0	9329	0	0	0	0	0	0	0	0	0	0	0	20426	0	0	0	0	0	0	0	0	0	0	0	0	0	0	0	946840	0
LFQ	53	0	0	0	0	0	0	0	0	0	0	0	0	9390	0	0	0	0	0	0	0	0	0	0	0	20361	0	0	0	0	0	0	0	0	0	0	0	0	0	0	0	946840	0
LFQ	54	0	0	0	0	0	0	0	0	0	0	0	0	9567	0	0	0	0	0	0	0	0	0	0	0	20305	0	0	0	0	0	0	0	0	0	0	0	0	0	0	0	946712	0
LFQ	55	0	0	61	0	0	0	0	0	0	0	0	0	9309	0	0	0	0	0	0	0	0	0	0	0	20322	0	0	0	0	0	0	0	0	0	0	0	0	0	0	0	946888	0
LFQ	56	0	0	180	0	0	0	0	0	0	0	0	0	9494	0	0	0	0	0	0	0	0	0	0	0	20347	0	0	0	0	0	0	0	0	0	0	0	0	0	0	0	946555	0
LFQ	57	0	0	0	0	0	0	0	0	0	0	0	0	9504	0	0	0	0	0	0	0	0	0	0	0	20444	0	0	0	0	0	0	0	0	0	0	0	0	0	0	0	946618	0
LFQ	58	0	0	0	0	0	0	0	0	0	0	0	0	9564	0	0	0	0	0	0	0	0	0	0	0	20365	0	0	0	0	0	0	0	0	0	0	0	0	0	0	0	946629	0
LFQ	59	0	0	0	0	0	0	0	0	0	0	0	0	9347	0	0	0	0	0	0	0	0	0	0	0	20485	0	0	0	0	0	0	0	0	0	0	0	0	0	0	0	946720	0
LFQ	60	0	0	0	0	0	0	0	0	0	0	0	0	9545	0	0	0	0	0	0	0	0	0	0	0	20393	0	0	0	0	0	0	0	0	0	0	0	0	0	0	0	946606	0
LFQ	61	0	0	0	0	0	0	0	0	0	0	0	0	9437	0	0	0	0	0	0	0	0	0	0	0	20244	0	0	0	0	0	0	0	0	0	0	0	0	0	0	0	946860	0
LFQ	62	0	0	1	0	0	0	0	0	0	0	0	0	9816	0	0	0	0	0	0	0	0	0	0	0	20396	0	0	0	0	0	0	0	0	0	0	0	0	0	0	0	946314	0
LFQ	63	0	0	5	0	0	0	0	0	0	0	0	0	9658	0	0	0	0	0	0	0	0	0	0	0	20634	0	0	0	0	0	0	0	0	0	0	0	0	0	0	0	946211	0
LFQ	64	0	0	0	0	0	0	0	0	0	0	0	0	9822	0	0	0	0	0	0	0	0	0	0	0	20522	0	0	0	0	0	0	0	0	0	0	0	0	0	0	0	946149	0
LFQ	65	0	0	0	0	0	0	0	0	0	0	0	0	9466	0	0	0	0	0	0	0	0	0	0	0	20694	0	0	0	0	0	0	0	0	0	0	0	0	0	0	0	946316	0
LFQ	66	0	0	4	0	0	0	0	0	0	0	0	0	9962	0	0	0	0	0	0	0	0	0	0	0	20434	0	0	0	0	0	0	0	0	0	0	0	0	0	0	0	946051	0
LFQ	67	0	0	0	0	0	0	0	0	0	0	0	0	9836	0	0	0	0	0	0	0	0	0	0	0	20736	0	0	0	0	0	0	0	0	0	0	0	0	0	0	0	945852	0
LFQ	68	0	0	0	0	0	0	0	0	0	0	0	0	9768	0	0	0	0	0	0	0	0	0	0	0	20777	0	0	0	0	0	0	0	0	0	0	0	0	0	0	0	945855	0
LFQ	69	0	0	26	0	0	0	0	0	0	0	0	0	10004	0	0	0	0	0	0	0	0	0	0	0	20889	0	0	0	0	0	0	0	0	0	0	0	0	0	0	0	945442	0
LFQ	70	0	0	0	0	0	0	0	0	0	0	0	0	9972	0	0	0	0	0	0	0	0	0	0	0	21336	0	0	0	0	0	0	0	0	0	0	0	0	0	0	0	945024	0
LFQ	71	0	0	0	0	0	0	0	0	0	0	0	0	9810	0	0	0	0	0	0	0	0	0	0	0	20912	0	0	0	0	0	0	0	0	0	0	0	0	0	0	0	945566	0
LFQ	72	0	0	0	0	0	0	0	0	0	0	0	0	10121	0	0	0	0	0	0	0	0	0	0	0	21154	0	0	0	0	0	0	0	0	0	0	0	0	0	0	0	944954	0
LFQ	73	0	0	5	0	0	0	0	0	0	0	0	0	9945	0	0	0	0	0	0	0	0	0	0	0	21311	0	0	0	0	0	0	0	0	0	0	0	0	0	0	0	944920	0
LFQ	74	0	0	0	0	0	0	0	0	0	0	0	0	9914	0	0	0	0	0	0	0	0	0	0	0	20915	0	0	0	0	0	0	0	0	0	0	0	0	0	0	0	945283	0
LFQ	75	0	0	7	0	0	0	0	0	0	0	0	0	10027	0	0	0	0	0	0	0	0	0	0	0	21106	0	0	0	0	0	0	0	0	0	0	0	0	0	0	0	944916	0
LFQ	76	0	0	0	0	0	0	0	0	0	0	0	0	9981	0	0	0	0	0	0	0	0	0	0	0	21108	0	0	0	0	0	0	0	0	0	0	0	0	0	0	0	944893	0
LFQ	77	0	0	0	0	0	0	0	0	0	0	0	0	10185	0	0	0	0	0	0	0	0	0	0	0	21265	0	0	0	0	0	0	0	0	0	0	0	0	0	0	0	944436	0
LFQ	78	0	0	0	0	0	0	0	0	0	0	0	0	10161	0	0	0	0	0	0	0	0	0	0	0	21320	0	0	0	0	0	0	0	0	0	0	0	0	0	0	0	944303	0
LFQ	79	0	0	0	0	0	0	0	0	0	0	0	0	10104	0	0	0	0	0	0	0	0	0	0	0	21195	0	0	0	0	0	0	0	0	0	0	0	0	0	0	0	944382	0
LFQ	80	0	0	0	0	0	0	0	0	0	0	0	0	10179	0	0	0	0	0	0	0	0	0	0	0	21043	0	0	0	0	0	0	0	0	0	0	0	0	0	0	0	944353	0
LFQ	81	0	0	0	0	0	0	0	0	0	0	0	0	10236	0	0	0	0	0	0	0	0	0	0	0	21443	0	0	0	0	0	0	0	0	0	0	0	0	0	0	0	943780	0
LFQ	82	0	0	0	0	0	0	0	0	0	0	0	0	10386	0	0	0	0	0	0	0	0	0	0	0	21554	0	0	0	0	0	0	0	0	0	0	0	0	0	0	0	943358	0
LFQ	83	0	0	0	0	0	0	0	0	0	0	0	0	10330	0	0	0	0	0	0	0	0	0	0	0	21506	0	0	0	0	0	0	0	0	0	0	0	0	0	0	0	943293	0
LFQ	84	0	0	12	0	0	0	0	0	0	0	0	0	10502	0	0	0	0	0	0	0	0	0	0	0	21704	0	0	0	0	0	0	0	0	0	0	0	0	0	0	0	942727	0
LFQ	85	0	0	0	0	0	0	0	0	0	0	0	0	10210	0	0	0	0	0	0	0	0	0	0	0	21749	0	0	0	0	0	0	0	0	0	0	0	0	0	0	0	942783	0
LFQ	86	0	0	0	0	0	0	0	0	0	0	0	0	10206	0	0	0	0	0	0	0	0	0	0	0	21500	0	0	0	0	0	0	0	0	0	0	0	0	0	0	0	942797	0
LFQ	87	0	0	0	0	0	0	0	0	0	0	0	0	10442	0	0	0	0	0	0	0	0	0	0	0	21606	0	0	0	0	0	0	0	0	0	0	0	0	0	0	0	942196	0
LFQ	88	0	0	0	0	0	0	0	0	0	0	0	0	10488	0	0	0	0	0	0	0	0	0	0	0	21451	0	0	0	0	0	0	0	0	0	0	0	0	0	0	0	942042	0
LFQ	89	0	0	0	0	0	0	0	0	0	0	0	0	10477	0	0	0	0	0	0	0	0	0	0	0	21528	0	0	0	0	0	0	0	0	0	0	0	0	0	0	0	941667	0
LFQ	90	0	0	0	0	0	0	0	0	0	0	0	0	10310	0	0	0	0	0	0	0	0	0	0	0	21683	0	0	0	0	0	0	0	0	0	0	0	0	0	0	0	941341	0
LFQ	91	0	0	0	0	0	0	0	0	0	0	0	0	10622	0	0	0	0	0	0	0	0	0	0	0	22184	0	0	0	0	0	0	0	0	0	0	0	0	0	0	0	940186	0
LFQ	92	0	0	0	0	0	0	0	0	0	0	0	0	10396	0	0	0	0	0	0	0	0	0	0	0	21888	0	0	0	0	0	0	0	0	0	0	0	0	0	0	0	940319	0
LFQ	93	0	0	0	0	0	0	0	0	0	0	0	0	10750	0	0	0	0	0	0	0	0	0	0	0	21949	0	0	0	0	0	0	0	0	0	0	0	0	0	0	0	939451	0
LFQ	94	0	0	0	0	0	0	0	0	0	0	0	0	10638	0	0	0	0	0	0	0	0	0	0	0	21920	0	0	0	0	0	0	0	0	0	0	0	0	0	0	0	939116	0
LFQ	95	0	0	12	0	0	0	0	0	0	0	0	0	10786	0	0	0	0	0	0	0	0	0	0	0	21922	0	0	0	0	0	0	0	0	0	0	0	0	0	0	0	938460	0
LFQ	96	0	0	1	0	0	0	0	0	0	0	0	0	10846	0	0	0	0	0	0	0	0	0	0	0	22312	0	0	0	0	0	0	0	0	0	0	0	0	0	0	0	937471	0
LFQ	97	0	0	0	0	0	0	0	0	0	0	0	0	10806	0	0	0	0	0	0	0	0	0	0	0	21971	0	0	0	0	0	0	0	0	0	0	0	0	0	0	0	937247	0
LFQ	98	0	0	0	0	0	0	0	0	0	0	0	0	10827	0	0	0	0	0	0	0	0	0	0	0	22433	0	0	0	0	0	0	0	0	0	0	0	0	0	0	0	936086	0
LFQ	99	0	0	0	0	0	0	0	0	0	0	0	0	10837	0	0	0	0	0	0	0	0	0	0	0	22365	0	0	0	0	0	0	0	0	0	0	0	0	0	0	0	935444	0
LFQ	100	0	0	0	0	0	0	0	0	0	0	0	0	10968	0	0	0	0	0	0	0	0	0	0	0	22574	0	0	0	0	0	0	0	0	0	0	0	0	0	0	0	934358	0
LFQ	101	0	0	4	0	0	0	0	0	0	0	0	0	11035	0	0	0	0	0	0	0	0	0	0	0	22744	0	0	0	0	0	0	0	0	0	0	0	0	0	0	0	933272	0
LFQ	102	0	0	0	0	0	0	0	0	0	0	0	0	10934	0	0	0	0	0	0	0	0	0	0	0	22632	0	0	0	0	0	0	0	0	0	0	0	0	0	0	0	932557	0
LFQ	103	0	0	0	0	0	0	0	0	0	0	0	0	10855	0	0	0	0	0	0	0	0	0	0	0	22543	0	0	0	0	0	0	0	0	0	0	0	0	0	0	0	931759	0
LFQ	104	0	0	0	0	0	0	0	0	0	0	0	0	11106	0	0	0	0	0	0	0	0	0	0	0	22421	0	0	0	0	0	0	0	0	0	0	0	0	0	0	0	930534	0
LFQ	105	0	0	0	0	0	0	0	0	0	0	0	0	11118	0	0	0	0	0	0	0	0	0	0	0	22760	0	0	0	0	0	0	0	0	0	0	0	0	0	0	0	929040	0
LFQ	106	0	0	0	0	0	0	0	0	0	0	0	0	11150	0	0	0	0	0	0	0	0	0	0	0	22608	0	0	0	0	0	0	0	0	0	0	0	0	0	0	0	927968	0
LFQ	107	0	0	5	0	0	0	0	0	0	0	0	0	11297	0	0	0	0	0	0	0	0	0	0	0	22640	0	0	0	0	0	0	0	0	0	0	0	0	0	0	0	926547	0
LFQ	108	0	0	0	0	0	0	0	0	0	0	0	0	11215	0	0	0	0	0	0	0	0	0	0	0	22632	0	0	0	0	0	0	0	0	0	0	0	0	0	0	0	925247	0
LFQ	109	0	0	4	0	0	0	0	0	0	0	0	0	11208	0	0	0	0	0	0	0	0	0	0	0	22580	0	0	0	0	0	0	0	0	0	0	0	0	0	0	0	923780	0
LFQ	110	0	0	0	0	0	0	0	0	0	0	0	0	11529	0	0	0	0	0	0	0	0	0	0	0	22619	0	0	0	0	0	0	0	0	0	0	0	0	0	0	0	921799	0
LFQ	111	0	0	0	0	0	0	0	0	0	0	0	0	11371	0	0	0	0	0	0	0	0	0	0	0	22862	0	0	0	0	0	0	0	0	0	0	0	0	0	0	0	920029	0
LFQ	112	0	0	0	0	0	0	0	0	0	0	0	0	11389	0	0	0	0	0	0	0	0	0	0	0	22796	0	0	0	0	0	0	0	0	0	0	0	0	0	0	0	918317	0
LFQ	113	0	0	0	0	0	0	0	0	0	0	0	0	11299	0	0	0	0	0	0	0	0	0	0	0	22728	0	0	0	0	0	0	0	0	0	0	0	0	0	0	0	916617	0
LFQ	114	0	0	0	0	0	0	0	0	0	0	0	0	11373	0	0	0	0	0	0	0	0	0	0	0	22702	0	0	0	0	0	0	0	0	0	0	0	0	0	0	0	914618	0
LFQ	115	0	0	0	0	0	0	0	0	0	0	0	0	11543	0	0	0	0	0	0	0	0	0	0	0	22974	0	0	0	0	0	0	0	0	0	0	0	0	0	0	0	912065	0
LFQ	116	0	0	0	0	0	0	0	0	0	0	0	0	11488	0	0	0	0	0	0	0	0	0	0	0	23095	0	0	0	0	0	0	0	0	0	0	0	0	0	0	0	909885	0
LFQ	117	0	0	0	0	0	0	0	0	0	0	0	0	11576	0	0	0	0	0	0	0	0	0	0	0	23230	0	0	0	0	0	0	0	0	0	0	0	0	0	0	0	907379	0
LFQ	118	0	0	14	0	0	0	0	0	0	0	0	0	11677	0	0	0	0	0	0	0	0	0	0	0	22761	0	0	0	0	0	0	0	0	0	0	0	0	0	0	0	905432	0
LFQ	119	0	0	66	0	0	0	0	0	0	0	0	0	11603	0	0	0	0	0	0	0	0	0	0	0	22998	0	0	0	0	0	0	0	0	0	0	0	0	0	0	0	902806	0
LFQ	120	0	0	0	0	0	0	0	0	0	0	0	0	11637	0	0	0	0	0	0	0	0	0	0	0	23034	0	0	0	0	0	0	0	0	0	0	0	0	0	0	0	900275	0
LFQ	121	0	0	2	0	0	0	0	0	0	0	0	0	11578	0	0	0	0	0	0	0	0	0	0	0	23055	0	0	0	0	0	0	0	0	0	0	0	0	0	0	0	897627	0
LFQ	122	0	0	49	0	0	0	0	0	0	0	0	0	11672	0	0	0	0	0	0	0	0	0	0	0	22926	0	0	0	0	0	0	0	0	0	0	0	0	0	0	0	894833	0
LFQ	123	0	0	0	0	0	0	0	0	0	0	0	0	11699	0	0	0	0	0	0	0	0	0	0	0	23054	0	0	0	0	0	0	0	0	0	0	0	0	0	0	0	891908	0
LFQ	124	0	0	0	0	0	0	0	0	0	0	0	0	11560	0	0	0	0	0	0	0	0	0	0	0	23051	0	0	0	0	0	0	0	0	0	0	0	0	0	0	0	889063	0
LFQ	125	0	0	0	0	0	0	0	0	0	0	0	0	11742	0	0	0	0	0	0	0	0	0	0	0	22834	0	0	0	0	0	0	0	0	0	0	0	0	0	0	0	885972	0
LFQ	126	0	0	0	0	0	0	0	0	0	0	0	0	11497	0	0	0	0	0	0	0	0	0	0	0	23004	0	0	0	0	0	0	0	0	0	0	0	0	0	0	0	882903	0
LFQ	127	0	0	0	0	0	0	0	0	0	0	0	0	11375	0	0	0	0	0	0	0	0	0	0	0	22975	0	0	0	0	0	0	0	0	0	0	0	0	0	0	0	879759	0
LFQ	128	0	0	6	0	0	0	0	0	0	0	0	0	11599	0	0	0	0	0	0	0	0	0	0	0	22803	0	0	0	0	0	0	0	0	0	0	0	0	0	0	0	876137	0
LFQ	129	0	0	186	0	0	0	0	0	0	0	0	0	11436	0	0	0	0	0	0	0	0	0	0	0	22964	0	0	0	0	0	0	0	0	0	0	0	0	0	0	0	872432	0
LFQ	130	0	0	0	0	0	0	0	0	0	0	0	0	11648	0	0	0	0	0	0	0	0	0	0	0	22921	0	0	0	0	0	0	0	0	0	0	0	0	0	0	0	868706	0
LFQ	131	0	0	22	0	0	0	0	0	0	0	0	0	11828	0	0	0	0	0	0	0	0	0	0	0	23104	0	0	0	0	0	0	0	0	0	0	0	0	0	0	0	864542	0
LFQ	132	0	0	20	0	0	0	0	0	0	0	0	0	11465	0	0	0	0	0	0	0	0	0	0	0	23023	0	0	0	0	0	0	0	0	0	0	0	0	0	0	0	861012	0
LFQ	133	0	0	2	0	0	0	0	0	0	0	0	0	11520	0	0	0	0	0	0	0	0	0	0	0	22856	0	0	0	0	0	0	0	0	0	0	0	0	0	0	0	857091	0
LFQ	134	0	0	1	0	0	0	0	0	0	0	0	0	11587	0	0	0	0	0	0	0	0	0	0	0	22332	0	0	0	0	0	0	0	0	0	0	0	0	0	0	0	853419	0
LFQ	135	0	0	0	0	0	0	0	0	0	0	0	0	11413	0	0	0	0	0	0	0	0	0	0	0	22916	0	0	0	0	0	0	0	0	0	0	0	0	0	0	0	848780	0
LFQ	136	0	0	0	0	0	0	0	0	0	0	0	0	11460	0	0	0	0	0	0	0	0	0	0	0	22603	0	0	0	0	0	0	0	0	0	0	0	0	0	0	0	844691	0
LFQ	137	0	0	2	0	0	0	0	0	0	0	0	0	11540	0	0	0	0	0	0	0	0	0	0	0	22765	0	0	0	0	0	0	0	0	0	0	0	0	0	0	0	840137	0
LFQ	138	0	0	0	0	0	0	0	0	0	0	0	0	11324	0	0	0	0	0	0	0	0	0	0	0	22443	0	0	0	0	0	0	0	0	0	0	0	0	0	0	0	836130	0
LFQ	139	0	0	4	0	0	0	0	0	0	0	0	0	11383	0	0	0	0	0	0	0	0	0	0	0	22188	0	0	0	0	0	0	0	0	0	0	0	0	0	0	0	831717	0
LFQ	140	0	0	0	0	0	0	0	0	0	0	0	0	11113	0	0	0	0	0	0	0	0	0	0	0	22293	0	0	0	0	0	0	0	0	0	0	0	0	0	0	0	827253	0
LFQ	141	0	0	5	0	0	0	0	0	0	0	0	0	11202	0	0	0	0	0	0	0	0	0	0	0	22347	0	0	0	0	0	0	0	0	0	0	0	0	0	0	0	822303	0
LFQ	142	0	0	7	0	0	0	0	0	0	0	0	0	11086	0	0	0	0	0	0	0	0	0	0	0	22257	0	0	0	0	0	0	0	0	0	0	0	0	0	0	0	817547	0
LFQ	143	0	0	0	0	0	0	0	0	0	0	0	0	11330	0	0	0	0	0	0	0	0	0	0	0	22005	0	0	0	0	0	0	0	0	0	0	0	0	0	0	0	812439	0
LFQ	144	0	0	0	0	0	0	0	0	0	0	0	0	11161	0	0	0	0	0	0	0	0	0	0	0	22070	0	0	0	0	0	0	0	0	0	0	0	0	0	0	0	807400	0
LFQ	145	0	0	1	0	0	0	0	0	0	0	0	0	11200	0	0	0	0	0	0	0	0	0	0	0	21802	0	0	0	0	0	0	0	0	0	0	0	0	0	0	0	802499	0
LFQ	146	0	0	1	0	0	0	0	0	0	0	0	0	11223	0	0	0	0	0	0	0	0	0	0	0	21502	0	0	0	0	0	0	0	0	0	0	0	0	0	0	0	796811	0
LFQ	147	0	0	73	0	0	0	0	0	0	0	0	0	10932	0	0	0	0	0	0	0	0	0	0	0	21599	0	0	0	0	0	0	0	0	0	0	0	0	0	0	0	791676	0
LFQ	148	0	0	14	0	0	0	0	0	0	0	0	0	11174	0	0	0	0	0	0	0	0	0	0	0	21876	0	0	0	0	0	0	0	0	0	0	0	0	0	0	0	785879	0
LFQ	149	0	0	56	0	0	0	0	0	0	0	0	0	11042	0	0	0	0	0	0	0	0	0	0	0	21519	0	0	0	0	0	0	0	0	0	0	0	0	0	0	0	780916	0
LFQ	150	0	0	0	0	0	0	0	0	0	0	0	0	14543	0	0	0	0	0	0	0	0	0	0	0	27001	0	0	0	0	0	0	0	0	0	0	0	0	0	0	0	766530	0
# GC Content of first fragments. Use `grep ^GCF | cut -f 2-` to extract this part.
GCF	7.29	0
GCF	14.82	1
GCF	15.33	2
GCF	16.33	6
GCF	17.34	12
GCF	18.09	19
GCF	18.84	36
GCF	19.35	46
GCF	19.85	84
GCF	20.35	88
GCF	20.85	148
GCF	21.36	260
GCF	21.86	365
GCF	22.36	373
GCF	22.86	620
GCF	23.37	866
GCF	23.87	1119
GCF	24.37	1176
GCF	24.87	1587
GCF	25.38	2021
GCF	25.88	2556
GCF	26.38	2741
GCF	26.88	3557
GCF	27.39	4343
GCF	27.89	5437
GCF	28.39	5585
GCF	28.89	6716
GCF	29.40	7724
GCF	29.90	9019
GCF	30.40	9108
GCF	30.90	10668
GCF	31.41	11741
GCF	31.91	12944
GCF	32.41	13141
GCF	32.91	14702
GCF	33.42	15535
GCF	33.92	16585
GCF	34.42	17726
GCF	34.92	17825
GCF	35.43	18929
GCF	35.93	19892
GCF	36.43	20291
GCF	36.93	20384
GCF	37.44	20833
GCF	37.94	21677
GCF	38.44	21662
GCF	38.94	21686
GCF	39.45	21907
GCF	39.95	21949
GCF	40.45	22050
GCF	40.95	21980
GCF	41.46	22340
GCF	41.96	22279
GCF	42.46	22125
GCF	42.96	22034
GCF	43.47	22200
GCF	43.97	22392
GCF	44.47	21865
GCF	44.97	21766
GCF	45.48	21242
GCF	45.98	20774
GCF	46.48	20621
GCF	46.98	20534
GCF	47.49	20301
GCF	47.99	19791
GCF	48.49	19576
GCF	48.99	19394
GCF	49.50	19124
GCF	50.00	18809
GCF	50.50	18414
GCF	51.01	18418
GCF	51.51	18332
GCF	52.01	18051
GCF	52.51	18087
GCF	53.02	18028
GCF	53.52	17891
GCF	54.02	17638
GCF	54.52	17018
GCF	55.03	16901
GCF	55.53	16481
GCF	56.03	16178
GCF	56.78	15260
GCF	57.54	15036
GCF	58.04	14764
GCF	58.54	14513
GCF	59.05	14408
GCF	59.55	14126
GCF	60.05	14199
GCF	60.55	13727
GCF	61.06	13686
GCF	61.56	12937
GCF	62.06	12463
GCF	62.56	11577
GCF	63.07	11441
GCF	63.57	10548
GCF	64.07	9748
GCF	64.57	9169
GCF	65.08	8973
GCF	65.58	8074
GCF	66.08	7155
GCF	66.58	6225
GCF	67.09	5636
GCF	67.59	5492
GCF	68.09	4664
GCF	68.59	3973
GCF	69.10	3409
GCF	69.60	3333
GCF	70.10	2877
GCF	70.60	2455
GCF	71.11	2095
GCF	71.61	2025
GCF	72.11	1660
GCF	72.61	1324
GCF	73.12	988
GCF	73.62	946
GCF	74.12	791
GCF	74.62	592
GCF	75.13	468
GCF	75.63	438
GCF	76.13	274
GCF	76.63	188
GCF	77.14	144
GCF	77.64	131
GCF	78.14	96
GCF	78.64	48
GCF	79.15	25
GCF	79.65	35
GCF	80.15	22
GCF	80.65	9
GCF	81.16	11
GCF	81.66	9
GCF	82.16	5
GCF	82.66	3
GCF	83.17	1
# GC Content of last fragments. Use `grep ^GCL | cut -f 2-` to extract this part.
GCL	7.79	0
GCL	16.08	2
GCL	16.83	3
GCL	17.34	13
GCL	18.09	11
GCL	18.84	40
GCL	19.35	57
GCL	19.85	82
GCL	20.35	86
GCL	20.85	161
GCL	21.36	250
GCL	21.86	383
GCL	22.36	395
GCL	22.86	623
GCL	23.37	849
GCL	23.87	1157
GCL	24.37	1220
GCL	24.87	1458
GCL	25.38	1952
GCL	25.88	2445
GCL	26.38	2630
GCL	26.88	3532
GCL	27.39	4331
GCL	27.89	5365
GCL	28.39	5499
GCL	28.89	6645
GCL	29.40	7488
GCL	29.90	9116
GCL	30.40	9209
GCL	30.90	10189
GCL	31.41	11778
GCL	31.91	13155
GCL	32.41	13319
GCL	32.91	14213
GCL	33.42	15567
GCL	33.92	16543
GCL	34.42	17717
GCL	34.92	17831
GCL	35.43	18502
GCL	35.93	19683
GCL	36.43	20256
GCL	36.93	20400
GCL	37.44	21078
GCL	37.94	21710
GCL	38.44	21577
GCL	38.94	21572
GCL	39.45	22192
GCL	39.95	22095
GCL	40.45	22177
GCL	40.95	22062
GCL	41.46	22318
GCL	41.96	22484
GCL	42.46	22053
GCL	42.96	21978
GCL	43.47	22226
GCL	43.97	22401
GCL	44.47	21766
GCL	44.97	21600
GCL	45.48	21401
GCL	45.98	20811
GCL	46.48	20439
GCL	46.98	20291
GCL	47.49	20231
GCL	47.99	19863
GCL	48.49	19719
GCL	48.99	19542
GCL	49.50	19087
GCL	50.00	18626
GCL	50.50	18638
GCL	51.01	18628
GCL	51.51	18548
GCL	52.01	18087
GCL	52.51	18189
GCL	53.02	18175
GCL	53.52	17850
GCL	54.02	17570
GCL	54.52	16763
GCL	55.03	16670
GCL	55.53	16556
GCL	56.03	15972
GCL	56.53	15146
GCL	57.04	15111
GCL	57.54	15116
GCL	58.04	14962
GCL	58.54	14971
GCL	59.05	14876
GCL	59.55	14459
GCL	60.05	14160
GCL	60.55	13541
GCL	61.06	13451
GCL	61.56	12959
GCL	62.06	12300
GCL	62.56	11357
GCL	63.07	11252
GCL	63.57	10649
GCL	64.07	9721
GCL	64.57	9103
GCL	65.08	8918
GCL	65.58	8171
GCL	66.08	7277
GCL	66.58	6219
GCL	67.09	5496
GCL	67.59	5352
GCL	68.09	4547
GCL	68.59	4044
GCL	69.10	3466
GCL	69.60	3388
GCL	70.10	2938
GCL	70.60	2436
GCL	71.11	2082
GCL	71.61	2009
GCL	72.11	1598
GCL	72.61	1206
GCL	73.12	1055
GCL	73.62	1015
GCL	74.12	789
GCL	74.62	621
GCL	75.13	441
GCL	75.63	416
GCL	76.13	263
GCL	76.63	181
GCL	77.14	161
GCL	77.64	144
GCL	78.14	88
GCL	78.64	47
GCL	79.15	37
GCL	79.65	45
GCL	80.15	20
GCL	80.65	12
GCL	81.16	15
GCL	81.66	12
GCL	82.16	6
GCL	82.66	4
GCL	83.17	2
GCL	83.67	1
GCL	84.17	0
GCL	84.67	1
GCL	85.43	0
GCL	86.18	1
GCL	86.68	0
GCL	87.44	1
GCL	88.19	2
GCL	88.69	1
GCL	89.45	2
GCL	90.20	0
GCL	91.46	1
GCL	92.71	3
GCL	93.47	1
GCL	94.22	3
GCL	95.23	0
GCL	96.48	1
GCL	97.24	0
GCL	97.99	1
GCL	98.74	3
GCL	99.50	4
# ACGT content per cycle. Use `grep ^GCC | cut -f 2-` to extract this part. The columns are: cycle; A,C,G,T base counts as a percentage of all A/C/G/T bases [%]; and N and O counts as a percentage of all A/C/G/T bases [%]
GCC	1	27.55	21.94	22.59	27.92	0.11	0.00
GCC	2	27.92	21.74	22.36	27.99	0.24	0.00
GCC	3	27.49	22.12	22.92	27.47	0.00	0.00
GCC	4	26.51	23.07	23.95	26.47	0.04	0.00
GCC	5	26.57	23.03	23.89	26.51	0.00	0.00
GCC	6	26.47	23.15	23.98	26.40	0.00	0.00
GCC	7	26.62	22.99	23.86	26.53	0.00	0.00
GCC	8	26.83	22.83	23.60	26.73	0.00	0.00
GCC	9	26.82	22.75	23.68	26.74	0.05	0.00
GCC	10	26.93	22.68	23.60	26.80	0.00	0.00
GCC	11	26.97	22.62	23.64	26.77	0.00	0.00
GCC	12	26.91	22.61	23.69	26.79	0.00	0.00
GCC	13	27.02	22.54	23.49	26.94	0.00	0.00
GCC	14	27.01	22.55	23.55	26.90	0.00	0.00
GCC	15	26.97	22.54	23.65	26.83	0.00	0.00
GCC	16	26.89	22.65	23.67	26.79	0.00	0.00
GCC	17	26.91	22.61	23.74	26.75	0.00	0.00
GCC	18	26.80	22.78	23.78	26.64	0.00	0.00
GCC	19	26.81	22.71	23.80	26.68	0.00	0.00
GCC	20	26.80	22.71	23.83	26.66	0.00	0.00
GCC	21	26.75	22.79	23.84	26.61	0.00	0.00
GCC	22	26.75	22.79	23.83	26.63	0.00	0.00
GCC	23	26.65	22.80	23.87	26.68	0.00	0.00
GCC	24	26.67	22.85	23.94	26.54	0.00	0.00
GCC	25	26.68	22.80	23.85	26.67	0.00	0.00
GCC	26	26.60	22.76	23.95	26.69	0.00	0.00
GCC	27	26.55	22.84	23.99	26.62	0.00	0.00
GCC	28	26.59	22.78	23.95	26.67	0.00	0.00
GCC	29	26.55	22.89	24.01	26.56	0.00	0.00
GCC	30	26.57	22.82	24.02	26.60	0.00	0.00
GCC	31	26.52	22.89	23.99	26.61	0.00	0.00
GCC	32	26.54	22.87	24.03	26.56	0.00	0.00
GCC	33	26.47	22.91	24.04	26.59	0.00	0.00
GCC	34	26.42	22.87	24.08	26.63	0.00	0.00
GCC	35	26.42	22.84	24.09	26.65	0.00	0.00
GCC	36	26.46	22.85	24.10	26.59	0.00	0.00
GCC	37	26.47	22.86	24.10	26.58	0.00	0.00
GCC	38	26.49	22.84	24.03	26.64	0.00	0.00
GCC	39	26.43	22.90	24.12	26.55	0.00	0.00
GCC	40	26.28	22.93	24.23	26.56	0.00	0.00
GCC	41	26.38	22.87	24.15	26.59	0.00	0.00
GCC	42	26.39	22.92	24.15	26.54	0.00	0.00
GCC	43	26.34	22.91	24.17	26.58	0.00	0.00
GCC	44	26.32	22.89	24.17	26.62	0.02	0.00
GCC	45	26.29	22.97	24.17	26.56	0.00	0.00
GCC	46	26.31	22.90	24.22	26.57	0.00	0.00
GCC	47	26.31	22.94	24.19	26.57	0.00	0.00
GCC	48	26.22	22.97	24.23	26.59	0.00	0.00
GCC	49	26.25	22.91	24.24	26.61	0.00	0.00
GCC	50	26.21	22.94	24.27	26.58	0.00	0.00
GCC	51	26.24	22.93	24.24	26.59	0.00	0.00
GCC	52	26.30	22.87	24.24	26.59	0.00	0.00
GCC	53	26.25	22.93	24.20	26.63	0.00	0.00
GCC	54	26.25	22.94	24.21	26.60	0.00	0.00
GCC	55	26.19	22.95	24.23	26.63	0.00	0.00
GCC	56	26.25	22.89	24.22	26.63	0.01	0.00
GCC	57	26.26	22.88	24.22	26.65	0.00	0.00
GCC	58	26.27	22.86	24.25	26.61	0.00	0.00
GCC	59	26.21	22.88	24.24	26.68	0.00	0.00
GCC	60	26.19	22.92	24.25	26.65	0.00	0.00
GCC	61	26.19	22.85	24.29	26.67	0.00	0.00
GCC	62	26.19	22.86	24.30	26.66	0.00	0.00
GCC	63	26.12	22.89	24.31	26.67	0.00	0.00
GCC	64	26.27	22.84	24.25	26.64	0.00	0.00
GCC	65	26.17	22.85	24.28	26.71	0.00	0.00
GCC	66	26.27	22.88	24.26	26.58	0.00	0.00
GCC	67	26.19	22.91	24.31	26.59	0.00	0.00
GCC	68	26.24	22.83	24.24	26.69	0.00	0.00
GCC	69	26.23	22.90	24.31	26.56	0.00	0.00
GCC	70	26.24	22.86	24.28	26.61	0.00	0.00
GCC	71	26.22	22.88	24.29	26.61	0.00	0.00
GCC	72	26.24	22.85	24.25	26.66	0.00	0.00
GCC	73	26.23	22.91	24.25	26.61	0.00	0.00
GCC	74	26.24	22.85	24.22	26.69	0.00	0.00
GCC	75	26.27	22.86	24.27	26.61	0.00	0.00
GCC	76	26.21	22.82	24.22	26.75	0.00	0.00
GCC	77	26.29	22.84	24.26	26.61	0.00	0.00
GCC	78	26.22	22.85	24.27	26.65	0.00	0.00
GCC	79	26.21	22.81	24.23	26.74	0.00	0.00
GCC	80	26.27	22.84	24.25	26.64	0.00	0.00
GCC	81	26.26	22.81	24.29	26.64	0.00	0.00
GCC	82	26.26	22.86	24.27	26.61	0.00	0.00
GCC	83	26.27	22.83	24.22	26.69	0.00	0.00
GCC	84	26.24	22.82	24.19	26.75	0.00	0.00
GCC	85	26.19	22.86	24.27	26.68	0.00	0.00
GCC	86	26.22	22.85	24.25	26.69	0.00	0.00
GCC	87	26.25	22.84	24.29	26.62	0.00	0.00
GCC	88	26.27	22.79	24.26	26.68	0.00	0.00
GCC	89	26.30	22.82	24.22	26.66	0.00	0.00
GCC	90	26.27	22.87	24.23	26.63	0.00	0.00
GCC	91	26.23	22.85	24.24	26.69	0.00	0.00
GCC	92	26.18	22.90	24.24	26.69	0.00	0.00
GCC	93	26.24	22.84	24.23	26.69	0.00	0.00
GCC	94	26.26	22.87	24.24	26.64	0.00	0.00
GCC	95	26.25	22.81	24.26	26.68	0.00	0.00
GCC	96	26.21	22.85	24.27	26.67	0.00	0.00
GCC	97	26.29	22.81	24.22	26.68	0.00	0.00
GCC	98	26.30	22.86	24.19	26.65	0.00	0.00
GCC	99	26.27	22.91	24.17	26.65	0.00	0.00
GCC	100	26.29	22.86	24.24	26.61	0.00	0.00
GCC	101	26.30	22.85	24.24	26.62	0.00	0.00
GCC	102	26.29	22.85	24.25	26.61	0.00	0.00
GCC	103	26.28	22.85	24.24	26.64	0.06	0.00
GCC	104	26.34	22.81	24.28	26.57	0.00	0.00
GCC	105	26.25	22.86	24.27	26.61	0.00	0.00
GCC	106	26.31	22.90	24.18	26.61	0.00	0.00
GCC	107	26.34	22.75	24.23	26.68	0.00	0.00
GCC	108	26.28	22.84	24.29	26.59	0.00	0.00
GCC	109	26.38	22.80	24.20	26.61	0.00	0.00
GCC	110	26.35	22.75	24.28	26.63	0.00	0.00
GCC	111	26.31	22.89	24.19	26.62	0.00	0.00
GCC	112	26.30	22.84	24.27	26.60	0.00	0.00
GCC	113	26.34	22.88	24.18	26.60	0.00	0.00
GCC	114	26.29	22.88	24.21	26.62	0.00	0.00
GCC	115	26.34	22.87	24.18	26.61	0.03	0.00
GCC	116	26.35	22.85	24.16	26.64	0.00	0.00
GCC	117	26.31	22.90	24.18	26.60	0.00	0.00
GCC	118	26.37	22.87	24.19	26.57	0.00	0.00
GCC	119	26.32	22.84	24.20	26.64	0.00	0.00
GCC	120	26.34	22.82	24.21	26.63	0.00	0.00
GCC	121	26.35	22.87	24.19	26.59	0.00	0.00
GCC	122	26.35	22.84	24.14	26.68	0.00	0.00
GCC	123	26.38	22.86	24.17	26.59	0.00	0.00
GCC	124	26.32	22.85	24.19	26.63	0.00	0.00
GCC	125	26.44	22.84	24.14	26.58	0.00	0.00
GCC	126	26.41	22.86	24.17	26.57	0.00	0.00
GCC	127	26.37	22.89	24.18	26.56	0.00	0.00
GCC	128	26.40	22.82	24.13	26.64	0.00	0.00
GCC	129	26.37	22.88	24.15	26.61	0.02	0.00
GCC	130	26.39	22.85	24.13	26.62	0.00	0.00
GCC	131	26.43	22.82	24.11	26.64	0.00	0.00
GCC	132	26.38	22.91	24.14	26.57	0.00	0.00
GCC	133	26.41	22.87	24.11	26.61	0.00	0.00
GCC	134	26.42	22.86	24.11	26.62	0.00	0.00
GCC	135	26.37	22.89	24.13	26.61	0.00	0.00
GCC	136	26.40	22.89	24.06	26.64	0.00	0.00
GCC	137	26.35	22.89	24.15	26.60	0.00	0.00
GCC	138	26.46	22.83	24.12	26.58	0.22	0.00
GCC	139	26.47	22.85	24.07	26.61	0.00	0.00
GCC	140	26.46	22.86	24.06	26.62	0.00	0.00
GCC	141	26.47	22.90	24.07	26.57	0.00	0.00
GCC	142	26.44	22.92	24.07	26.57	0.00	0.00
GCC	143	26.47	22.89	24.08	26.56	0.00	0.00
GCC	144	26.42	22.89	24.09	26.61	0.00	0.00
GCC	145	26.45	22.92	24.07	26.57	0.00	0.00
GCC	146	26.48	22.88	24.10	26.54	0.00	0.00
GCC	147	26.46	22.80	24.09	26.64	0.00	0.00
GCC	148	26.50	22.79	24.07	26.64	0.00	0.00
GCC	149	26.54	22.91	23.98	26.58	0.06	0.00
GCC	150	26.50	22.86	24.03	26.61	0.00	0.00
# ACGT content per cycle, read oriented. Use `grep ^GCT | cut -f 2-` to extract this part. The columns are: cycle; A,C,G,T base counts as a percentage of all A/C/G/T bases [%]
GCT	1	29.22	22.29	22.24	26.24
GCT	2	28.72	20.76	23.33	27.18
GCT	3	28.25	21.68	23.36	26.71
GCT	4	27.04	22.78	24.24	25.94
GCT	5	27.21	22.99	23.94	25.86
GCT	6	26.81	23.49	23.65	26.05
GCT	7	27.09	23.10	23.74	26.07
GCT	8	26.82	23.34	23.09	26.74
GCT	9	26.79	23.31	23.13	26.78
GCT	10	26.95	23.14	23.13	26.77
GCT	11	26.97	23.07	23.18	26.78
GCT	12	26.87	23.25	23.05	26.84
GCT	13	26.99	23.07	22.97	26.97
GCT	14	26.94	23.06	23.04	26.96
GCT	15	26.87	23.15	23.04	26.94
GCT	16	26.77	23.14	23.19	26.90
GCT	17	26.79	23.16	23.18	26.86
GCT	18	26.59	23.36	23.20	26.85
GCT	19	26.64	23.40	23.11	26.84
GCT	20	26.65	23.29	23.25	26.81
GCT	21	26.64	23.33	23.31	26.72
GCT	22	26.73	23.33	23.29	26.64
GCT	23	26.73	23.36	23.31	26.60
GCT	24	26.63	23.45	23.34	26.58
GCT	25	26.73	23.37	23.28	26.61
GCT	26	26.72	23.34	23.36	26.57
GCT	27	26.66	23.48	23.35	26.51
GCT	28	26.74	23.34	23.39	26.53
GCT	29	26.66	23.43	23.47	26.44
GCT	30	26.65	23.47	23.37	26.52
GCT	31	26.64	23.42	23.45	26.49
GCT	32	26.64	23.44	23.46	26.46
GCT	33	26.59	23.46	23.48	26.47
GCT	34	26.69	23.46	23.49	26.35
GCT	35	26.69	23.49	23.44	26.38
GCT	36	26.63	23.49	23.45	26.43
GCT	37	26.62	23.51	23.45	26.42
GCT	38	26.73	23.38	23.49	26.40
GCT	39	26.57	23.51	23.52	26.40
GCT	40	26.54	23.59	23.57	26.31
GCT	41	26.59	23.53	23.49	26.39
GCT	42	26.59	23.56	23.51	26.34
GCT	43	26.54	23.53	23.56	26.37
GCT	44	26.49	23.54	23.52	26.45
GCT	45	26.52	23.61	23.54	26.34
GCT	46	26.52	23.57	23.56	26.36
GCT	47	26.58	23.53	23.59	26.30
GCT	48	26.52	23.61	23.58	26.28
GCT	49	26.49	23.56	23.59	26.37
GCT	50	26.52	23.61	23.59	26.28
GCT	51	26.47	23.63	23.54	26.36
GCT	52	26.52	23.57	23.54	26.36
GCT	53	26.53	23.53	23.60	26.35
GCT	54	26.47	23.59	23.56	26.37
GCT	55	26.47	23.60	23.57	26.35
GCT	56	26.50	23.60	23.51	26.38
GCT	57	26.49	23.55	23.55	26.41
GCT	58	26.48	23.58	23.54	26.40
GCT	59	26.46	23.55	23.56	26.43
GCT	60	26.42	23.64	23.53	26.41
GCT	61	26.46	23.58	23.56	26.40
GCT	62	26.42	23.61	23.55	26.42
GCT	63	26.42	23.68	23.52	26.37
GCT	64	26.48	23.58	23.52	26.42
GCT	65	26.45	23.59	23.54	26.43
GCT	66	26.45	23.63	23.52	26.41
GCT	67	26.40	23.65	23.57	26.38
GCT	68	26.49	23.62	23.46	26.44
GCT	69	26.37	23.66	23.56	26.42
GCT	70	26.45	23.63	23.52	26.40
GCT	71	26.40	23.67	23.50	26.43
GCT	72	26.44	23.63	23.48	26.45
GCT	73	26.42	23.65	23.51	26.42
GCT	74	26.49	23.62	23.45	26.43
GCT	75	26.42	23.63	23.50	26.46
GCT	76	26.42	23.59	23.45	26.53
GCT	77	26.45	23.58	23.51	26.46
GCT	78	26.45	23.68	23.45	26.42
GCT	79	26.44	23.55	23.49	26.51
GCT	80	26.46	23.61	23.48	26.45
GCT	81	26.42	23.62	23.48	26.48
GCT	82	26.41	23.66	23.47	26.46
GCT	83	26.42	23.56	23.49	26.53
GCT	84	26.46	23.56	23.45	26.53
GCT	85	26.40	23.58	23.54	26.47
GCT	86	26.36	23.62	23.47	26.55
GCT	87	26.39	23.67	23.47	26.48
GCT	88	26.45	23.58	23.47	26.50
GCT	89	26.44	23.60	23.44	26.52
GCT	90	26.38	23.61	23.49	26.52
GCT	91	26.44	23.63	23.46	26.47
GCT	92	26.36	23.66	23.47	26.51
GCT	93	26.36	23.65	23.42	26.58
GCT	94	26.37	23.65	23.46	26.53
GCT	95	26.44	23.63	23.45	26.48
GCT	96	26.36	23.67	23.46	26.52
GCT	97	26.41	23.63	23.40	26.56
GCT	98	26.45	23.61	23.44	26.50
GCT	99	26.34	23.61	23.47	26.58
GCT	100	26.39	23.60	23.49	26.51
GCT	101	26.34	23.63	23.45	26.57
GCT	102	26.37	23.64	23.46	26.53
GCT	103	26.36	23.62	23.46	26.56
GCT	104	26.35	23.63	23.46	26.56
GCT	105	26.35	23.75	23.38	26.51
GCT	106	26.36	23.67	23.41	26.56
GCT	107	26.42	23.53	23.44	26.60
GCT	108	26.29	23.69	23.45	26.58
GCT	109	26.41	23.56	23.44	26.58
GCT	110	26.37	23.57	23.46	26.60
GCT	111	26.39	23.63	23.44	26.53
GCT	112	26.33	23.65	23.45	26.57
GCT	113	26.37	23.62	23.44	26.57
GCT	114	26.35	23.66	23.43	26.55
GCT	115	26.37	23.59	23.46	26.58
GCT	116	26.34	23.59	23.42	26.65
GCT	117	26.30	23.66	23.42	26.62
GCT	118	26.32	23.62	23.44	26.61
GCT	119	26.37	23.64	23.40	26.59
GCT	120	26.34	23.62	23.41	26.63
GCT	121	26.43	23.62	23.44	26.51
GCT	122	26.39	23.65	23.33	26.63
GCT	123	26.34	23.57	23.46	26.63
GCT	124	26.33	23.60	23.45	26.62
GCT	125	26.39	23.64	23.35	26.63
GCT	126	26.41	23.60	23.42	26.57
GCT	127	26.38	23.63	23.44	26.55
GCT	128	26.43	23.53	23.43	26.61
GCT	129	26.43	23.58	23.45	26.55
GCT	130	26.49	23.56	23.42	26.53
GCT	131	26.46	23.50	23.43	26.60
GCT	132	26.38	23.58	23.47	26.57
GCT	133	26.43	23.60	23.38	26.58
GCT	134	26.49	23.52	23.44	26.55
GCT	135	26.41	23.61	23.42	26.56
GCT	136	26.42	23.54	23.41	26.62
GCT	137	26.43	23.60	23.45	26.53
GCT	138	26.47	23.62	23.34	26.57
GCT	139	26.50	23.52	23.40	26.58
GCT	140	26.46	23.56	23.36	26.62
GCT	141	26.41	23.58	23.39	26.62
GCT	142	26.40	23.59	23.41	26.61
GCT	143	26.37	23.61	23.36	26.67
GCT	144	26.42	23.58	23.40	26.60
GCT	145	26.40	23.58	23.41	26.61
GCT	146	26.38	23.53	23.45	26.64
GCT	147	26.43	23.52	23.38	26.67
GCT	148	26.44	23.52	23.34	26.70
GCT	149	26.52	23.47	23.42	26.59
GCT	150	26.47	23.48	23.41	26.64
# ACGT content per cycle for first fragments. Use `grep ^FBC | cut -f 2-` to extract this part. The columns are: cycle; A,C,G,T base counts as a percentage of all A/C/G/T bases [%]; and N and O counts as a percentage of all A/C/G/T bases [%]
FBC	1	27.59	21.88	22.71	27.81	0.00	0.00
FBC	2	27.97	21.62	22.40	28.02	0.34	0.00
FBC	3	27.51	22.09	22.92	27.48	0.00	0.00
FBC	4	26.62	22.93	23.91	26.54	0.09	0.00
FBC	5	26.62	23.00	23.92	26.45	0.00	0.00
FBC	6	26.50	23.05	23.95	26.50	0.00	0.00
FBC	7	26.63	22.86	23.89	26.62	0.00	0.00
FBC	8	26.79	22.82	23.67	26.72	0.00	0.00
FBC	9	26.80	22.71	23.70	26.79	0.09	0.00
FBC	10	26.97	22.69	23.58	26.77	0.00	0.00
FBC	11	26.99	22.57	23.65	26.79	0.00	0.00
FBC	12	26.92	22.56	23.73	26.79	0.00	0.00
FBC	13	27.01	22.52	23.55	26.93	0.00	0.00
FBC	14	27.01	22.50	23.57	26.92	0.00	0.00
FBC	15	26.97	22.49	23.68	26.86	0.00	0.00
FBC	16	26.89	22.62	23.67	26.81	0.00	0.00
FBC	17	26.95	22.61	23.72	26.72	0.00	0.00
FBC	18	26.83	22.70	23.77	26.70	0.00	0.00
FBC	19	26.78	22.71	23.79	26.72	0.00	0.00
FBC	20	26.80	22.67	23.85	26.68	0.00	0.00
FBC	21	26.79	22.80	23.76	26.65	0.00	0.00
FBC	22	26.77	22.82	23.83	26.59	0.00	0.00
FBC	23	26.68	22.81	23.87	26.64	0.00	0.00
FBC	24	26.73	22.86	23.85	26.56	0.00	0.00
FBC	25	26.71	22.77	23.88	26.64	0.00	0.00
FBC	26	26.67	22.71	23.94	26.68	0.00	0.00
FBC	27	26.57	22.79	23.99	26.64	0.00	0.00
FBC	28	26.64	22.77	23.95	26.64	0.00	0.00
FBC	29	26.54	22.85	24.02	26.60	0.00	0.00
FBC	30	26.61	22.82	24.01	26.57	0.00	0.00
FBC	31	26.53	22.88	23.97	26.61	0.00	0.00
FBC	32	26.54	22.87	24.04	26.55	0.00	0.00
FBC	33	26.49	22.83	24.03	26.65	0.00	0.00
FBC	34	26.39	22.85	24.07	26.70	0.00	0.00
FBC	35	26.41	22.82	24.08	26.68	0.00	0.00
FBC	36	26.49	22.78	24.12	26.61	0.00	0.00
FBC	37	26.50	22.85	24.11	26.54	0.00	0.00
FBC	38	26.54	22.85	23.99	26.63	0.00	0.00
FBC	39	26.46	22.91	24.08	26.55	0.00	0.00
FBC	40	26.29	22.89	24.19	26.63	0.00	0.00
FBC	41	26.39	22.90	24.09	26.62	0.00	0.00
FBC	42	26.45	22.92	24.07	26.56	0.00	0.00
FBC	43	26.38	22.88	24.16	26.59	0.00	0.00
FBC	44	26.32	22.90	24.15	26.63	0.00	0.00
FBC	45	26.25	22.97	24.16	26.62	0.00	0.00
FBC	46	26.28	22.90	24.24	26.58	0.00	0.00
FBC	47	26.30	22.89	24.21	26.60	0.00	0.00
FBC	48	26.28	22.95	24.19	26.59	0.00	0.00
FBC	49	26.22	22.91	24.25	26.62	0.00	0.00
FBC	50	26.19	22.89	24.27	26.64	0.00	0.00
FBC	51	26.22	22.93	24.24	26.61	0.00	0.00
FBC	52	26.28	22.85	24.22	26.65	0.00	0.00
FBC	53	26.24	22.93	24.17	26.67	0.00	0.00
FBC	54	26.26	22.93	24.20	26.61	0.00	0.00
FBC	55	26.21	22.89	24.22	26.67	0.00	0.00
FBC	56	26.27	22.89	24.24	26.60	0.00	0.00
FBC	57	26.24	22.85	24.22	26.68	0.00	0.00
FBC	58	26.29	22.88	24.22	26.61	0.00	0.00
FBC	59	26.25	22.85	24.23	26.68	0.00	0.00
FBC	60	26.19	22.86	24.22	26.73	0.00	0.00
FBC	61	26.15	22.85	24.27	26.72	0.00	0.00
FBC	62	26.21	22.82	24.28	26.69	0.00	0.00
FBC	63	26.07	22.93	24.26	26.74	0.00	0.00
FBC	64	26.30	22.83	24.24	26.62	0.00	0.00
FBC	65	26.13	22.82	24.25	26.80	0.00	0.00
FBC	66	26.24	22.88	24.22	26.67	0.00	0.00
FBC	67	26.17	22.88	24.31	26.63	0.00	0.00
FBC	68	26.26	22.83	24.24	26.67	0.00	0.00
FBC	69	26.20	22.88	24.33	26.59	0.00	0.00
FBC	70	26.28	22.80	24.32	26.60	0.00	0.00
FBC	71	26.25	22.89	24.27	26.58	0.00	0.00
FBC	72	26.22	22.87	24.24	26.68	0.00	0.00
FBC	73	26.19	22.96	24.25	26.60	0.00	0.00
FBC	74	26.22	22.84	24.17	26.77	0.00	0.00
FBC	75	26.22	22.85	24.29	26.64	0.00	0.00
FBC	76	26.16	22.84	24.19	26.81	0.00	0.00
FBC	77	26.30	22.85	24.23	26.62	0.00	0.00
FBC	78	26.28	22.85	24.27	26.61	0.00	0.00
FBC	79	26.21	22.80	24.27	26.73	0.00	0.00
FBC	80	26.33	22.83	24.23	26.61	0.00	0.00
FBC	81	26.24	22.80	24.27	26.68	0.00	0.00
FBC	82	26.29	22.82	24.25	26.64	0.00	0.00
FBC	83	26.23	22.83	24.22	26.72	0.00	0.00
FBC	84	26.26	22.78	24.20	26.77	0.00	0.00
FBC	85	26.22	22.88	24.24	26.66	0.00	0.00
FBC	86	26.21	22.83	24.29	26.68	0.00	0.00
FBC	87	26.24	22.81	24.30	26.65	0.00	0.00
FBC	88	26.34	22.80	24.22	26.64	0.00	0.00
FBC	89	26.36	22.79	24.18	26.66	0.00	0.00
FBC	90	26.23	22.90	24.22	26.64	0.00	0.00
FBC	91	26.23	22.85	24.21	26.72	0.00	0.00
FBC	92	26.20	22.88	24.24	26.68	0.00	0.00
FBC	93	26.27	22.83	24.22	26.68	0.00	0.00
FBC	94	26.27	22.86	24.25	26.62	0.00	0.00
FBC	95	26.18	22.84	24.28	26.70	0.00	0.00
FBC	96	26.21	22.88	24.22	26.68	0.00	0.00
FBC	97	26.32	22.85	24.17	26.66	0.00	0.00
FBC	98	26.28	22.87	24.20	26.66	0.00	0.00
FBC	99	26.32	22.91	24.17	26.60	0.00	0.00
FBC	100	26.33	22.86	24.27	26.54	0.00	0.00
FBC	101	26.34	22.85	24.21	26.60	0.00	0.00
FBC	102	26.28	22.92	24.23	26.58	0.00	0.00
FBC	103	26.26	22.87	24.22	26.66	0.13	0.00
FBC	104	26.36	22.84	24.21	26.59	0.00	0.00
FBC	105	26.27	22.87	24.23	26.63	0.00	0.00
FBC	106	26.33	22.93	24.20	26.55	0.00	0.00
FBC	107	26.32	22.72	24.26	26.70	0.00	0.00
FBC	108	26.29	22.84	24.24	26.62	0.00	0.00
FBC	109	26.34	22.81	24.23	26.62	0.00	0.00
FBC	110	26.33	22.78	24.25	26.64	0.00	0.00
FBC	111	26.31	22.88	24.14	26.68	0.00	0.00
FBC	112	26.26	22.88	24.23	26.64	0.00	0.00
FBC	113	26.30	22.92	24.16	26.62	0.00	0.00
FBC	114	26.27	22.88	24.26	26.59	0.00	0.00
FBC	115	26.36	22.88	24.16	26.60	0.06	0.00
FBC	116	26.40	22.81	24.16	26.63	0.00	0.00
FBC	117	26.33	22.87	24.21	26.59	0.00	0.00
FBC	118	26.36	22.86	24.22	26.57	0.00	0.00
FBC	119	26.29	22.83	24.22	26.66	0.00	0.00
FBC	120	26.35	22.85	24.21	26.59	0.00	0.00
FBC	121	26.39	22.87	24.18	26.56	0.00	0.00
FBC	122	26.42	22.79	24.15	26.64	0.00	0.00
FBC	123	26.38	22.80	24.20	26.62	0.00	0.00
FBC	124	26.31	22.90	24.18	26.61	0.00	0.00
FBC	125	26.44	22.85	24.18	26.53	0.00	0.00
FBC	126	26.43	22.81	24.22	26.55	0.00	0.00
FBC	127	26.34	22.86	24.19	26.61	0.00	0.00
FBC	128	26.32	22.84	24.11	26.72	0.00	0.00
FBC	129	26.33	22.90	24.16	26.62	0.01	0.00
FBC	130	26.34	22.87	24.10	26.68	0.00	0.00
FBC	131	26.38	22.89	24.08	26.65	0.00	0.00
FBC	132	26.38	22.98	24.12	26.52	0.00	0.00
FBC	133	26.40	22.90	24.12	26.58	0.00	0.00
FBC	134	26.46	22.83	24.12	26.59	0.00	0.00
FBC	135	26.37	22.92	24.11	26.61	0.00	0.00
FBC	136	26.40	22.91	24.10	26.60	0.00	0.00
FBC	137	26.33	22.93	24.15	26.59	0.00	0.00
FBC	138	26.42	22.86	24.10	26.62	0.43	0.00
FBC	139	26.47	22.84	24.11	26.58	0.00	0.00
FBC	140	26.43	22.84	24.08	26.65	0.00	0.00
FBC	141	26.50	22.91	24.05	26.55	0.00	0.00
FBC	142	26.42	22.94	24.10	26.55	0.00	0.00
FBC	143	26.48	22.86	24.13	26.52	0.00	0.00
FBC	144	26.42	22.88	24.12	26.58	0.00	0.00
FBC	145	26.48	22.91	24.05	26.56	0.00	0.00
FBC	146	26.45	22.96	24.10	26.49	0.00	0.00
FBC	147	26.48	22.84	24.09	26.60	0.00	0.00
FBC	148	26.45	22.80	24.11	26.64	0.00	0.00
FBC	149	26.48	22.98	23.99	26.56	0.11	0.00
FBC	150	26.53	22.90	24.00	26.57	0.00	0.00
# ACGT raw counters for first fragments. Use `grep ^FTC | cut -f 2-` to extract this part. The columns are: A,C,G,T,N base counters
FTC	37807365	32647317	34453736	38142371	11755
# ACGT content per cycle for last fragments. Use `grep ^LBC | cut -f 2-` to extract this part. The columns are: cycle; A,C,G,T base counts as a percentage of all A/C/G/T bases [%]; and N and O counts as a percentage of all A/C/G/T bases [%]
LBC	1	27.51	22.00	22.47	28.02	0.22	0.00
LBC	2	27.86	21.86	22.32	27.96	0.14	0.00
LBC	3	27.48	22.15	22.92	27.45	0.00	0.00
LBC	4	26.41	23.20	23.99	26.40	0.00	0.00
LBC	5	26.51	23.06	23.87	26.56	0.00	0.00
LBC	6	26.43	23.26	24.02	26.29	0.00	0.00
LBC	7	26.61	23.13	23.82	26.45	0.00	0.00
LBC	8	26.87	22.85	23.54	26.75	0.01	0.00
LBC	9	26.85	22.80	23.67	26.69	0.00	0.00
LBC	10	26.90	22.66	23.62	26.82	0.00	0.00
LBC	11	26.96	22.67	23.62	26.76	0.00	0.00
LBC	12	26.91	22.65	23.65	26.79	0.00	0.00
LBC	13	27.03	22.57	23.44	26.96	0.00	0.00
LBC	14	27.01	22.59	23.53	26.87	0.00	0.00
LBC	15	26.98	22.60	23.62	26.80	0.00	0.00
LBC	16	26.88	22.68	23.68	26.76	0.00	0.00
LBC	17	26.86	22.61	23.75	26.77	0.00	0.00
LBC	18	26.77	22.86	23.79	26.58	0.00	0.00
LBC	19	26.84	22.71	23.81	26.64	0.00	0.00
LBC	20	26.80	22.76	23.81	26.63	0.00	0.00
LBC	21	26.71	22.78	23.93	26.57	0.00	0.00
LBC	22	26.73	22.77	23.84	26.67	0.00	0.00
LBC	23	26.63	22.79	23.86	26.72	0.00	0.00
LBC	24	26.62	22.83	24.03	26.52	0.00	0.00
LBC	25	26.66	22.82	23.83	26.69	0.00	0.00
LBC	26	26.54	22.80	23.96	26.70	0.00	0.00
LBC	27	26.53	22.88	23.99	26.60	0.00	0.00
LBC	28	26.55	22.79	23.95	26.71	0.00	0.00
LBC	29	26.56	22.93	24.00	26.52	0.00	0.00
LBC	30	26.53	22.81	24.03	26.63	0.00	0.00
LBC	31	26.50	22.89	24.01	26.60	0.00	0.00
LBC	32	26.55	22.87	24.01	26.56	0.00	0.00
LBC	33	26.45	22.98	24.05	26.53	0.00	0.00
LBC	34	26.44	22.89	24.10	26.57	0.00	0.00
LBC	35	26.43	22.86	24.09	26.62	0.00	0.00
LBC	36	26.43	22.91	24.08	26.57	0.00	0.00
LBC	37	26.44	22.86	24.09	26.62	0.00	0.00
LBC	38	26.44	22.83	24.08	26.65	0.00	0.00
LBC	39	26.39	22.90	24.16	26.55	0.00	0.00
LBC	40	26.27	22.96	24.26	26.50	0.00	0.00
LBC	41	26.37	22.85	24.22	26.56	0.00	0.00
LBC	42	26.34	22.92	24.22	26.52	0.00	0.00
LBC	43	26.31	22.95	24.18	26.56	0.01	0.00
LBC	44	26.32	22.87	24.19	26.62	0.04	0.00
LBC	45	26.34	22.98	24.17	26.51	0.00	0.00
LBC	46	26.33	22.91	24.21	26.55	0.00	0.00
LBC	47	26.33	22.98	24.16	26.53	0.00	0.00
LBC	48	26.15	22.98	24.27	26.59	0.00	0.00
LBC	49	26.28	22.91	24.22	26.59	0.00	0.00
LBC	50	26.22	22.99	24.26	26.52	0.00	0.00
LBC	51	26.26	22.92	24.25	26.57	0.00	0.00
LBC	52	26.31	22.89	24.27	26.53	0.00	0.00
LBC	53	26.26	22.92	24.23	26.59	0.00	0.00
LBC	54	26.23	22.96	24.22	26.59	0.00	0.00
LBC	55	26.17	23.00	24.23	26.60	0.01	0.00
LBC	56	26.23	22.90	24.20	26.67	0.02	0.00
LBC	57	26.27	22.91	24.22	26.61	0.00	0.00
LBC	58	26.26	22.84	24.29	26.61	0.00	0.00
LBC	59	26.17	22.91	24.25	26.67	0.00	0.00
LBC	60	26.19	22.98	24.27	26.56	0.00	0.00
LBC	61	26.24	22.85	24.30	26.61	0.00	0.00
LBC	62	26.16	22.90	24.31	26.62	0.00	0.00
LBC	63	26.18	22.85	24.37	26.60	0.00	0.00
LBC	64	26.23	22.85	24.26	26.65	0.00	0.00
LBC	65	26.21	22.87	24.30	26.62	0.00	0.00
LBC	66	26.30	22.89	24.31	26.50	0.00	0.00
LBC	67	26.20	22.94	24.31	26.55	0.00	0.00
LBC	68	26.21	22.84	24.24	26.71	0.00	0.00
LBC	69	26.26	22.92	24.30	26.53	0.00	0.00
LBC	70	26.20	22.92	24.25	26.63	0.00	0.00
LBC	71	26.19	22.87	24.30	26.64	0.00	0.00
LBC	72	26.26	22.84	24.27	26.64	0.00	0.00
LBC	73	26.27	22.85	24.25	26.62	0.00	0.00
LBC	74	26.25	22.86	24.27	26.62	0.00	0.00
LBC	75	26.32	22.86	24.25	26.58	0.00	0.00
LBC	76	26.25	22.81	24.25	26.69	0.00	0.00
LBC	77	26.28	22.82	24.29	26.60	0.00	0.00
LBC	78	26.17	22.86	24.28	26.69	0.00	0.00
LBC	79	26.22	22.83	24.20	26.76	0.00	0.00
LBC	80	26.20	22.85	24.27	26.68	0.00	0.00
LBC	81	26.28	22.82	24.30	26.59	0.00	0.00
LBC	82	26.22	22.91	24.29	26.59	0.00	0.00
LBC	83	26.31	22.82	24.22	26.66	0.00	0.00
LBC	84	26.22	22.87	24.18	26.73	0.00	0.00
LBC	85	26.16	22.84	24.30	26.71	0.00	0.00
LBC	86	26.23	22.86	24.21	26.70	0.00	0.00
LBC	87	26.25	22.88	24.28	26.59	0.00	0.00
LBC	88	26.19	22.79	24.30	26.72	0.00	0.00
LBC	89	26.24	22.85	24.25	26.66	0.00	0.00
LBC	90	26.30	22.85	24.23	26.62	0.00	0.00
LBC	91	26.22	22.85	24.27	26.66	0.00	0.00
LBC	92	26.16	22.91	24.24	26.69	0.00	0.00
LBC	93	26.21	22.84	24.24	26.71	0.00	0.00
LBC	94	26.24	22.88	24.23	26.65	0.00	0.00
LBC	95	26.32	22.78	24.25	26.65	0.00	0.00
LBC	96	26.20	22.82	24.32	26.67	0.00	0.00
LBC	97	26.26	22.78	24.27	26.69	0.00	0.00
LBC	98	26.32	22.85	24.18	26.65	0.00	0.00
LBC	99	26.22	22.91	24.18	26.70	0.00	0.00
LBC	100	26.26	22.86	24.20	26.68	0.00	0.00
LBC	101	26.25	22.85	24.27	26.63	0.00	0.00
LBC	102	26.31	22.77	24.28	26.64	0.00	0.00
LBC	103	26.29	22.83	24.26	26.62	0.00	0.00
LBC	104	26.31	22.78	24.34	26.56	0.00	0.00
LBC	105	26.24	22.85	24.31	26.59	0.00	0.00
LBC	106	26.29	22.88	24.16	26.67	0.00	0.00
LBC	107	26.37	22.78	24.19	26.66	0.00	0.00
LBC	108	26.28	22.84	24.33	26.55	0.00	0.00
LBC	109	26.43	22.79	24.17	26.61	0.00	0.00
LBC	110	26.36	22.72	24.30	26.61	0.00	0.00
LBC	111	26.30	22.90	24.24	26.56	0.00	0.00
LBC	112	26.35	22.80	24.30	26.56	0.00	0.00
LBC	113	26.37	22.83	24.21	26.59	0.00	0.00
LBC	114	26.30	22.88	24.17	26.66	0.00	0.00
LBC	115	26.32	22.86	24.20	26.62	0.00	0.00
LBC	116	26.30	22.89	24.15	26.65	0.00	0.00
LBC	117	26.29	22.94	24.16	26.61	0.00	0.00
LBC	118	26.38	22.89	24.16	26.57	0.00	0.00
LBC	119	26.34	22.85	24.18	26.63	0.01	0.00
LBC	120	26.33	22.80	24.20	26.68	0.00	0.00
LBC	121	26.31	22.86	24.21	26.62	0.00	0.00
LBC	122	26.27	22.88	24.12	26.72	0.01	0.00
LBC	123	26.38	22.91	24.14	26.57	0.00	0.00
LBC	124	26.34	22.80	24.21	26.65	0.00	0.00
LBC	125	26.45	22.84	24.09	26.62	0.00	0.00
LBC	126	26.38	22.90	24.13	26.58	0.00	0.00
LBC	127	26.40	22.92	24.16	26.51	0.00	0.00
LBC	128	26.49	22.80	24.15	26.56	0.00	0.00
LBC	129	26.41	22.86	24.13	26.59	0.02	0.00
LBC	130	26.44	22.83	24.15	26.57	0.00	0.00
LBC	131	26.47	22.75	24.15	26.63	0.00	0.00
LBC	132	26.38	22.84	24.17	26.62	0.00	0.00
LBC	133	26.42	22.85	24.10	26.63	0.00	0.00
LBC	134	26.38	22.89	24.09	26.64	0.00	0.00
LBC	135	26.37	22.87	24.16	26.60	0.00	0.00
LBC	136	26.41	22.88	24.03	26.69	0.00	0.00
LBC	137	26.37	22.86	24.16	26.61	0.00	0.00
LBC	138	26.50	22.81	24.15	26.55	0.00	0.00
LBC	139	26.47	22.86	24.04	26.64	0.00	0.00
LBC	140	26.50	22.88	24.04	26.58	0.00	0.00
LBC	141	26.43	22.88	24.10	26.58	0.00	0.00
LBC	142	26.46	22.90	24.05	26.59	0.00	0.00
LBC	143	26.46	22.91	24.03	26.60	0.00	0.00
LBC	144	26.42	22.90	24.05	26.63	0.00	0.00
LBC	145	26.42	22.93	24.09	26.57	0.00	0.00
LBC	146	26.50	22.81	24.09	26.60	0.00	0.00
LBC	147	26.45	22.77	24.10	26.68	0.01	0.00
LBC	148	26.55	22.79	24.03	26.63	0.00	0.00
LBC	149	26.60	22.84	23.97	26.59	0.01	0.00
LBC	150	26.48	22.83	24.05	26.64	0.00	0.00
# ACGT raw counters for last fragments. Use `grep ^LTC | cut -f 2-` to extract this part. The columns are: A,C,G,T,N base counters
LTC	37767737	32650965	34442394	38094342	4978
# Insert sizes. Use `grep ^IS | cut -f 2-` to extract this part. The columns are: insert size, pairs total, inward oriented pairs, outward oriented pairs, other pairs
IS	0	0	0	0	0
IS	1	0	0	0	0
IS	2	2	0	1	1
IS	3	0	0	0	0
IS	4	1	0	0	1
IS	5	0	0	0	0
IS	6	1	0	1	0
IS	7	0	0	0	0
IS	8	0	0	0	0
IS	9	0	0	0	0
IS	10	0	0	0	0
IS	11	0	0	0	0
IS	12	0	0	0	0
IS	13	0	0	0	0
IS	14	0	0	0	0
IS	15	0	0	0	0
IS	16	0	0	0	0
IS	17	0	0	0	0
IS	18	0	0	0	0
IS	19	1	1	0	0
IS	20	1	1	0	0
IS	21	0	0	0	0
IS	22	0	0	0	0
IS	23	0	0	0	0
IS	24	1	0	1	0
IS	25	1	1	0	0
IS	26	1	1	0	0
IS	27	0	0	0	0
IS	28	1	0	1	0
IS	29	0	0	0	0
IS	30	0	0	0	0
IS	31	0	0	0	0
IS	32	1	1	0	0
IS	33	0	0	0	0
IS	34	0	0	0	0
IS	35	0	0	0	0
IS	36	0	0	0	0
IS	37	1	0	1	0
IS	38	1	1	0	0
IS	39	2	2	0	0
IS	40	1	0	1	0
IS	41	1	1	0	0
IS	42	0	0	0	0
IS	43	1	1	0	0
IS	44	3	1	2	0
IS	45	1	1	0	0
IS	46	2	2	0	0
IS	47	4	3	1	0
IS	48	6	5	1	0
IS	49	1	1	0	0
IS	50	1	1	0	0
IS	51	5	5	0	0
IS	52	7	6	1	0
IS	53	5	4	1	0
IS	54	2	2	0	0
IS	55	4	4	0	0
IS	56	7	7	0	0
IS	57	8	7	1	0
IS	58	7	6	1	0
IS	59	10	7	3	0
IS	60	5	4	1	0
IS	61	14	14	0	0
IS	62	22	22	0	0
IS	63	20	16	4	0
IS	64	16	16	0	0
IS	65	26	26	0	0
IS	66	24	24	0	0
IS	67	23	23	0	0
IS	68	40	39	1	0
IS	69	29	29	0	0
IS	70	41	41	0	0
IS	71	58	57	1	0
IS	72	54	52	2	0
IS	73	69	68	1	0
IS	74	56	55	1	0
IS	75	76	76	0	0
IS	76	95	94	1	0
IS	77	106	104	2	0
IS	78	104	104	0	0
IS	79	108	106	2	0
IS	80	120	119	1	0
IS	81	167	165	2	0
IS	82	172	171	1	0
IS	83	181	179	2	0
IS	84	210	207	3	0
IS	85	247	244	3	0
IS	86	265	262	3	0
IS	87	266	264	2	0
IS	88	312	310	2	0
IS	89	345	345	0	0
IS	90	345	344	1	0
IS	91	401	398	3	0
IS	92	464	463	1	0
IS	93	477	472	5	0
IS	94	511	505	6	0
IS	95	547	545	2	0
IS	96	618	615	3	0
IS	97	685	679	6	0
IS	98	699	696	3	0
IS	99	755	751	4	0
IS	100	858	856	2	0
IS	101	946	940	6	0
IS	102	998	990	8	0
IS	103	1107	1104	3	0
IS	104	1161	1156	5	0
IS	105	1201	1195	6	0
IS	106	1260	1255	5	0
IS	107	1398	1390	8	0
IS	108	1539	1535	4	0
IS	109	1630	1625	5	0
IS	110	1702	1696	6	0
IS	111	1767	1764	3	0
IS	112	1887	1877	9	1
IS	113	1960	1953	7	0
IS	114	2111	2105	6	0
IS	115	2115	2107	8	0
IS	116	2306	2294	12	0
IS	117	2314	2310	4	0
IS	118	2441	2435	6	0
IS	119	2547	2539	8	0
IS	120	2703	2695	8	0
IS	121	2780	2771	9	0
IS	122	2841	2834	7	0
IS	123	3010	3001	9	0
IS	124	3154	3139	15	0
IS	125	3154	3145	9	0
IS	126	3309	3296	13	0
IS	127	3577	3572	5	0
IS	128	3539	3524	15	0
IS	129	3730	3722	8	0
IS	130	3784	3774	10	0
IS	131	4006	3997	9	0
IS	132	4073	4060	13	0
IS	133	4139	4132	7	0
IS	134	4244	4236	8	0
IS	135	4384	4370	14	0
IS	136	4309	4296	13	0
IS	137	4536	4524	12	0
IS	138	4626	4611	15	0
IS	139	4630	4621	9	0
IS	140	4773	4759	14	0
IS	141	4902	4890	12	0
IS	142	4993	4983	10	0
IS	143	5169	5163	6	0
IS	144	5098	5082	16	0
IS	145	5293	5276	17	0
IS	146	5302	5287	15	0
IS	147	5401	5387	14	0
IS	148	5439	5420	19	0
IS	149	5490	5457	33	0
IS	150	5660	5658	2	0
IS	151	5722	5722	0	0
IS	152	5937	5937	0	0
IS	153	5876	5876	0	0
IS	154	5979	5979	0	0
IS	155	5961	5961	0	0
IS	156	6065	6065	0	0
IS	157	6191	6191	0	0
IS	158	6212	6212	0	0
IS	159	6192	6192	0	0
IS	160	6251	6251	0	0
IS	161	6198	6198	0	0
IS	162	6355	6355	0	0
IS	163	6313	6313	0	0
IS	164	6467	6467	0	0
IS	165	6504	6504	0	0
IS	166	6491	6491	0	0
IS	167	6645	6645	0	0
IS	168	6659	6659	0	0
IS	169	6551	6551	0	0
IS	170	6664	6664	0	0
IS	171	6679	6678	1	0
IS	172	6625	6625	0	0
IS	173	6709	6709	0	0
IS	174	6623	6623	0	0
IS	175	6772	6772	0	0
IS	176	6769	6769	0	0
IS	177	6854	6854	0	0
IS	178	6664	6664	0	0
IS	179	6786	6786	0	0
IS	180	6749	6749	0	0
IS	181	6856	6856	0	0
IS	182	6771	6771	0	0
IS	183	6796	6796	0	0
IS	184	6631	6631	0	0
IS	185	6662	6662	0	0
IS	186	6588	6588	0	0
IS	187	6630	6630	0	0
IS	188	6646	6646	0	0
IS	189	6569	6569	0	0
IS	190	6650	6650	0	0
IS	191	6588	6588	0	0
IS	192	6694	6694	0	0
IS	193	6528	6528	0	0
IS	194	6447	6447	0	0
IS	195	6688	6688	0	0
IS	196	6412	6412	0	0
IS	197	6372	6372	0	0
IS	198	6275	6275	0	0
IS	199	6359	6359	0	0
IS	200	6134	6134	0	0
IS	201	6267	6267	0	0
IS	202	6230	6230	0	0
IS	203	6327	6327	0	0
IS	204	6084	6084	0	0
IS	205	6116	6116	0	0
IS	206	5939	5939	0	0
IS	207	6030	6030	0	0
IS	208	5767	5767	0	0
IS	209	5688	5688	0	0
IS	210	5773	5773	0	0
IS	211	5824	5824	0	0
IS	212	5670	5670	0	0
IS	213	5651	5651	0	0
IS	214	5604	5604	0	0
IS	215	5614	5614	0	0
IS	216	5370	5370	0	0
IS	217	5409	5409	0	0
IS	218	5395	5395	0	0
IS	219	5285	5285	0	0
IS	220	5305	5305	0	0
IS	221	5274	5274	0	0
IS	222	5093	5093	0	0
IS	223	5155	5155	0	0
IS	224	4933	4933	0	0
IS	225	4904	4904	0	0
IS	226	4881	4881	0	0
IS	227	4855	4855	0	0
IS	228	4772	4772	0	0
IS	229	4806	4806	0	0
IS	230	4708	4708	0	0
IS	231	4608	4608	0	0
IS	232	4494	4494	0	0
IS	233	4505	4505	0	0
IS	234	4510	4510	0	0
IS	235	4534	4534	0	0
IS	236	4284	4284	0	0
IS	237	4414	4414	0	0
IS	238	4214	4214	0	0
IS	239	4115	4115	0	0
IS	240	4141	4141	0	0
IS	241	4209	4209	0	0
IS	242	3981	3981	0	0
IS	243	3977	3977	0	0
IS	244	3953	3953	0	0
IS	245	3849	3849	0	0
IS	246	3832	3832	0	0
IS	247	3781	3781	0	0
IS	248	3672	3672	0	0
IS	249	3858	3858	0	0
IS	250	3671	3671	0	0
IS	251	3497	3497	0	0
IS	252	3448	3448	0	0
IS	253	3310	3310	0	0
IS	254	3419	3419	0	0
IS	255	3396	3396	0	0
IS	256	3285	3285	0	0
IS	257	3262	3262	0	0
IS	258	3229	3229	0	0
IS	259	3172	3172	0	0
IS	260	3110	3110	0	0
IS	261	3039	3039	0	0
IS	262	3044	3044	0	0
IS	263	3029	3029	0	0
IS	264	3032	3032	0	0
IS	265	2940	2940	0	0
IS	266	2850	2850	0	0
IS	267	2906	2906	0	0
IS	268	2871	2871	0	0
IS	269	2791	2791	0	0
IS	270	2673	2673	0	0
IS	271	2742	2742	0	0
IS	272	2676	2676	0	0
IS	273	2534	2534	0	0
IS	274	2601	2601	0	0
IS	275	2436	2436	0	0
IS	276	2495	2495	0	0
IS	277	2452	2452	0	0
IS	278	2507	2507	0	0
IS	279	2418	2418	0	0
IS	280	2355	2355	0	0
IS	281	2233	2233	0	0
IS	282	2335	2335	0	0
IS	283	2174	2174	0	0
IS	284	2274	2274	0	0
IS	285	2246	2246	0	0
IS	286	2147	2147	0	0
IS	287	2053	2053	0	0
IS	288	2086	2086	0	0
IS	289	1961	1961	0	0
IS	290	2020	2020	0	0
IS	291	2004	2004	0	0
IS	292	1933	1933	0	0
IS	293	1985	1985	0	0
IS	294	1927	1927	0	0
IS	295	1895	1895	0	0
IS	296	1774	1774	0	0
IS	297	1760	1760	0	0
IS	298	1779	1779	0	0
IS	299	1860	1860	0	0
IS	300	1805	1805	0	0
IS	301	1706	1706	0	0
IS	302	1645	1645	0	0
IS	303	1592	1592	0	0
IS	304	1566	1566	0	0
IS	305	1578	1578	0	0
IS	306	1591	1591	0	0
IS	307	1502	1502	0	0
IS	308	1576	1576	0	0
IS	309	1470	1470	0	0
IS	310	1416	1416	0	0
IS	311	1480	1480	0	0
IS	312	1453	1453	0	0
IS	313	1412	1412	0	0
IS	314	1390	1390	0	0
IS	315	1383	1383	0	0
IS	316	1329	1329	0	0
IS	317	1414	1414	0	0
IS	318	1360	1360	0	0
IS	319	1239	1239	0	0
IS	320	1256	1256	0	0
IS	321	1238	1238	0	0
IS	322	1192	1192	0	0
IS	323	1177	1177	0	0
IS	324	1199	1199	0	0
IS	325	1202	1202	0	0
IS	326	1085	1085	0	0
IS	327	1146	1146	0	0
IS	328	1104	1104	0	0
IS	329	1042	1042	0	0
IS	330	1048	1048	0	0
IS	331	1090	1090	0	0
IS	332	1063	1063	0	0
IS	333	993	993	0	0
IS	334	995	995	0	0
IS	335	967	967	0	0
IS	336	1008	1008	0	0
IS	337	915	915	0	0
IS	338	967	967	0	0
IS	339	941	941	0	0
IS	340	877	877	0	0
IS	341	926	926	0	0
IS	342	853	853	0	0
IS	343	890	890	0	0
IS	344	880	880	0	0
IS	345	799	799	0	0
IS	346	870	870	0	0
IS	347	796	796	0	0
IS	348	777	777	0	0
IS	349	845	845	0	0
IS	350	760	760	0	0
IS	351	813	813	0	0
IS	352	713	713	0	0
IS	353	720	720	0	0
IS	354	742	742	0	0
IS	355	765	765	0	0
IS	356	706	706	0	0
IS	357	714	714	0	0
IS	358	719	719	0	0
IS	359	670	670	0	0
IS	360	670	670	0	0
IS	361	619	619	0	0
IS	362	666	666	0	0
IS	363	606	606	0	0
IS	364	627	627	0	0
IS	365	593	593	0	0
IS	366	593	593	0	0
IS	367	597	597	0	0
IS	368	587	587	0	0
IS	369	575	575	0	0
IS	370	548	548	0	0
IS	371	540	540	0	0
IS	372	517	517	0	0
IS	373	496	496	0	0
IS	374	494	494	0	0
IS	375	480	480	0	0
IS	376	494	494	0	0
IS	377	508	508	0	0
IS	378	513	513	0	0
IS	379	425	425	0	0
IS	380	466	466	0	0
IS	381	489	489	0	0
IS	382	444	444	0	0
IS	383	425	425	0	0
IS	384	439	439	0	0
IS	385	405	405	0	0
IS	386	447	447	0	0
IS	387	408	408	0	0
IS	388	390	390	0	0
IS	389	400	400	0	0
IS	390	394	394	0	0
IS	391	356	356	0	0
IS	392	389	389	0	0
IS	393	384	384	0	0
IS	394	358	358	0	0
IS	395	374	374	0	0
IS	396	329	329	0	0
IS	397	298	298	0	0
IS	398	295	295	0	0
IS	399	340	340	0	0
IS	400	357	357	0	0
IS	401	315	315	0	0
IS	402	316	316	0	0
IS	403	305	305	0	0
IS	404	295	295	0	0
IS	405	297	297	0	0
IS	406	250	250	0	0
IS	407	278	278	0	0
IS	408	271	271	0	0
IS	409	274	274	0	0
IS	410	298	298	0	0
IS	411	277	277	0	0
IS	412	237	237	0	0
IS	413	257	257	0	0
IS	414	270	270	0	0
IS	415	237	237	0	0
IS	416	226	226	0	0
IS	417	247	247	0	0
IS	418	212	212	0	0
IS	419	237	237	0	0
IS	420	224	224	0	0
IS	421	231	231	0	0
IS	422	200	200	0	0
IS	423	218	218	0	0
IS	424	191	191	0	0
IS	425	233	233	0	0
IS	426	215	215	0	0
IS	427	210	210	0	0
IS	428	222	222	0	0
# Read lengths. Use `grep ^RL | cut -f 2-` to extract this part. The columns are: read length, count
RL	31	5
RL	32	9
RL	33	5
RL	34	4
RL	35	4
RL	36	1
RL	37	2
RL	38	6
RL	39	3
RL	40	2
RL	41	10
RL	42	5
RL	43	2
RL	44	5
RL	45	4
RL	46	6
RL	47	5
RL	48	12
RL	49	4
RL	50	6
RL	51	12
RL	52	9
RL	53	14
RL	54	7
RL	55	7
RL	56	20
RL	57	16
RL	58	12
RL	59	17
RL	60	6
RL	61	28
RL	62	38
RL	63	31
RL	64	34
RL	65	50
RL	66	52
RL	67	50
RL	68	78
RL	69	58
RL	70	85
RL	71	117
RL	72	97
RL	73	138
RL	74	110
RL	75	149
RL	76	192
RL	77	204
RL	78	207
RL	79	211
RL	80	232
RL	81	323
RL	82	339
RL	83	368
RL	84	406
RL	85	478
RL	86	518
RL	87	526
RL	88	618
RL	89	679
RL	90	684
RL	91	780
RL	92	907
RL	93	953
RL	94	989
RL	95	1101
RL	96	1211
RL	97	1356
RL	98	1400
RL	99	1491
RL	100	1692
RL	101	1867
RL	102	1932
RL	103	2194
RL	104	2287
RL	105	2388
RL	106	2476
RL	107	2792
RL	108	3045
RL	109	3255
RL	110	3370
RL	111	3522
RL	112	3720
RL	113	3903
RL	114	4227
RL	115	4229
RL	116	4567
RL	117	4608
RL	118	4823
RL	119	5057
RL	120	5372
RL	121	5571
RL	122	5646
RL	123	5977
RL	124	6258
RL	125	6294
RL	126	6596
RL	127	7133
RL	128	7062
RL	129	7492
RL	130	7559
RL	131	7960
RL	132	8103
RL	133	8266
RL	134	8464
RL	135	8710
RL	136	8625
RL	137	9098
RL	138	9214
RL	139	9276
RL	140	9626
RL	141	9927
RL	142	10265
RL	143	10287
RL	144	10266
RL	145	11915
RL	146	10514
RL	147	10674
RL	148	10820
RL	149	10918
RL	150	1616665
# Read lengths - first fragments. Use `grep ^FRL | cut -f 2-` to extract this part. The columns are: read length, count
FRL	31	2
FRL	32	5
FRL	33	3
FRL	34	2
FRL	35	2
FRL	36	1
FRL	37	1
FRL	38	3
FRL	39	1
FRL	40	1
FRL	41	5
FRL	42	3
FRL	43	1
FRL	44	2
FRL	45	3
FRL	46	2
FRL	47	2
FRL	48	6
FRL	49	2
FRL	50	3
FRL	51	6
FRL	52	4
FRL	53	7
FRL	54	3
FRL	55	3
FRL	56	10
FRL	57	8
FRL	58	6
FRL	59	9
FRL	60	3
FRL	61	14
FRL	62	19
FRL	63	16
FRL	64	17
FRL	65	25
FRL	66	25
FRL	67	26
FRL	68	39
FRL	69	29
FRL	70	41
FRL	71	58
FRL	72	49
FRL	73	69
FRL	74	54
FRL	75	75
FRL	76	96
FRL	77	102
FRL	78	104
FRL	79	105
FRL	80	116
FRL	81	162
FRL	82	170
FRL	83	184
FRL	84	203
FRL	85	239
FRL	86	259
FRL	87	263
FRL	88	309
FRL	89	341
FRL	90	342
FRL	91	391
FRL	92	454
FRL	93	477
FRL	94	495
FRL	95	551
FRL	96	605
FRL	97	678
FRL	98	700
FRL	99	745
FRL	100	847
FRL	101	935
FRL	102	966
FRL	103	1098
FRL	104	1144
FRL	105	1196
FRL	106	1239
FRL	107	1397
FRL	108	1523
FRL	109	1630
FRL	110	1685
FRL	111	1762
FRL	112	1862
FRL	113	1952
FRL	114	2116
FRL	115	2115
FRL	116	2284
FRL	117	2307
FRL	118	2412
FRL	119	2530
FRL	120	2688
FRL	121	2789
FRL	122	2827
FRL	123	2990
FRL	124	3132
FRL	125	3150
FRL	126	3301
FRL	127	3569
FRL	128	3535
FRL	129	3749
FRL	130	3780
FRL	131	3984
FRL	132	4052
FRL	133	4136
FRL	134	4234
FRL	135	4355
FRL	136	4315
FRL	137	4551
FRL	138	4609
FRL	139	4643
FRL	140	4824
FRL	141	4967
FRL	142	5142
FRL	143	5144
FRL	144	5137
FRL	145	5950
FRL	146	5257
FRL	147	5337
FRL	148	5410
FRL	149	5459
FRL	150	808591
# Read lengths - last fragments. Use `grep ^LRL | cut -f 2-` to extract this part. The columns are: read length, count
LRL	31	3
LRL	32	4
LRL	33	2
LRL	34	2
LRL	35	2
LRL	37	1
LRL	38	3
LRL	39	2
LRL	40	1
LRL	41	5
LRL	42	2
LRL	43	1
LRL	44	3
LRL	45	1
LRL	46	4
LRL	47	3
LRL	48	6
LRL	49	2
LRL	50	3
LRL	51	6
LRL	52	5
LRL	53	7
LRL	54	4
LRL	55	4
LRL	56	10
LRL	57	8
LRL	58	6
LRL	59	8
LRL	60	3
LRL	61	14
LRL	62	19
LRL	63	15
LRL	64	17
LRL	65	25
LRL	66	27
LRL	67	24
LRL	68	39
LRL	69	29
LRL	70	44
LRL	71	59
LRL	72	48
LRL	73	69
LRL	74	56
LRL	75	74
LRL	76	96
LRL	77	102
LRL	78	103
LRL	79	106
LRL	80	116
LRL	81	161
LRL	82	169
LRL	83	184
LRL	84	203
LRL	85	239
LRL	86	259
LRL	87	263
LRL	88	309
LRL	89	338
LRL	90	342
LRL	91	389
LRL	92	453
LRL	93	476
LRL	94	494
LRL	95	550
LRL	96	606
LRL	97	678
LRL	98	700
LRL	99	746
LRL	100	845
LRL	101	932
LRL	102	966
LRL	103	1096
LRL	104	1143
LRL	105	1192
LRL	106	1237
LRL	107	1395
LRL	108	1522
LRL	109	1625
LRL	110	1685
LRL	111	1760
LRL	112	1858
LRL	113	1951
LRL	114	2111
LRL	115	2114
LRL	116	2283
LRL	117	2301
LRL	118	2411
LRL	119	2527
LRL	120	2684
LRL	121	2782
LRL	122	2819
LRL	123	2987
LRL	124	3126
LRL	125	3144
LRL	126	3295
LRL	127	3564
LRL	128	3527
LRL	129	3743
LRL	130	3779
LRL	131	3976
LRL	132	4051
LRL	133	4130
LRL	134	4230
LRL	135	4355
LRL	136	4310
LRL	137	4547
LRL	138	4605
LRL	139	4633
LRL	140	4802
LRL	141	4960
LRL	142	5123
LRL	143	5143
LRL	144	5129
LRL	145	5965
LRL	146	5257
LRL	147	5337
LRL	148	5410
LRL	149	5459
LRL	150	808074
# Mapping qualities for reads !(UNMAP|SECOND|SUPPL|QCFAIL|DUP). Use `grep ^MAPQ | cut -f 2-` to extract this part. The columns are: mapq, count
MAPQ	20	79
MAPQ	21	225
MAPQ	22	104
MAPQ	23	100
MAPQ	24	143
MAPQ	25	562
MAPQ	26	36
MAPQ	27	1745
MAPQ	28	31
MAPQ	29	24
MAPQ	30	76
MAPQ	31	78
MAPQ	32	49
MAPQ	33	270
MAPQ	34	20
MAPQ	35	31
MAPQ	36	49
MAPQ	37	56
MAPQ	38	18
MAPQ	39	223
MAPQ	40	2197
MAPQ	41	205
MAPQ	42	117
MAPQ	43	323
MAPQ	44	145
MAPQ	45	546
MAPQ	46	893
MAPQ	47	627
MAPQ	48	4592
MAPQ	49	579
MAPQ	50	408
MAPQ	51	208
MAPQ	52	313
MAPQ	53	131
MAPQ	54	133
MAPQ	55	129
MAPQ	56	137
MAPQ	57	708
MAPQ	58	194
MAPQ	59	449
MAPQ	60	1914476
# Indel distribution. Use `grep ^ID | cut -f 2-` to extract this part. The columns are: length, number of insertions, number of deletions
ID	1	12022	12253
ID	2	3810	5186
ID	3	1606	1917
ID	4	1659	2192
ID	5	386	509
ID	6	400	812
ID	7	104	110
ID	8	158	652
ID	9	87	102
ID	10	87	155
ID	11	93	117
ID	12	51	109
ID	13	23	29
ID	14	26	81
ID	15	23	32
ID	16	33	34
ID	17	12	10
ID	18	24	7
ID	19	20	5
ID	20	5	7
ID	21	44	84
ID	22	53	7
ID	23	5	1
ID	24	3	3
ID	25	0	2
ID	26	1	48
ID	27	0	1
ID	28	1	6
ID	29	5	1
ID	30	0	7
ID	32	9	1
ID	33	0	2
ID	34	0	1
ID	35	0	61
ID	36	0	2
ID	39	0	1
ID	40	0	2
ID	48	0	5
ID	49	0	19
# Indels per cycle. Use `grep ^IC | cut -f 2-` to extract this part. The columns are: cycle, number of insertions (fwd), .. (rev) , number of deletions (fwd), .. (rev)
IC	3	0	0	36	34
IC	4	25	26	32	40
IC	5	51	35	42	47
IC	6	47	36	50	32
IC	7	47	54	48	50
IC	8	47	40	66	50
IC	9	43	49	63	71
IC	10	53	52	67	74
IC	11	51	56	57	71
IC	12	66	61	79	75
IC	13	56	71	65	87
IC	14	78	69	75	65
IC	15	69	70	89	70
IC	16	61	75	96	86
IC	17	70	63	89	72
IC	18	78	68	78	67
IC	19	80	81	82	82
IC	20	83	70	94	81
IC	21	76	71	92	95
IC	22	82	78	94	87
IC	23	73	94	94	89
IC	24	93	77	96	85
IC	25	72	89	81	87
IC	26	73	72	108	90
IC	27	86	77	101	99
IC	28	66	92	108	81
IC	29	78	87	83	116
IC	30	88	70	84	101
IC	31	80	85	105	100
IC	32	75	90	84	88
IC	33	75	87	111	80
IC	34	80	73	87	91
IC	35	59	73	84	87
IC	36	79	73	86	78
IC	37	75	60	88	81
IC	38	76	71	93	102
IC	39	87	71	93	92
IC	40	80	65	83	89
IC	41	75	68	95	86
IC	42	85	85	80	75
IC	43	70	81	99	82
IC	44	67	61	103	109
IC	45	80	86	93	95
IC	46	98	75	89	95
IC	47	81	66	98	101
IC	48	93	73	92	109
IC	49	72	75	96	88
IC	50	84	88	98	80
IC	51	78	77	89	98
IC	52	86	80	97	89
IC	53	89	82	84	103
IC	54	83	85	98	99
IC	55	86	83	117	93
IC	56	58	72	83	81
IC	57	67	78	101	104
IC	58	67	102	94	86
IC	59	78	71	93	86
IC	60	103	79	100	89
IC	61	95	72	83	87
IC	62	88	81	99	72
IC	63	93	78	83	98
IC	64	86	91	78	92
IC	65	84	75	98	104
IC	66	81	81	109	98
IC	67	88	77	104	111
IC	68	84	83	100	77
IC	69	87	90	93	88
IC	70	77	83	96	89
IC	71	79	88	105	85
IC	72	74	80	100	77
IC	73	93	88	112	104
IC	74	86	73	96	98
IC	75	64	65	95	103
IC	76	86	80	101	102
IC	77	81	71	87	92
IC	78	106	73	79	107
IC	79	84	96	106	78
IC	80	79	84	109	87
IC	81	78	98	130	96
IC	82	80	88	102	77
IC	83	81	78	82	84
IC	84	79	90	88	98
IC	85	73	68	111	88
IC	86	90	76	87	93
IC	87	92	76	87	95
IC	88	79	81	90	86
IC	89	79	65	116	106
IC	90	91	101	82	98
IC	91	90	73	103	88
IC	92	85	67	99	84
IC	93	69	91	90	105
IC	94	77	86	99	98
IC	95	78	75	82	110
IC	96	70	95	86	101
IC	97	82	83	98	77
IC	98	86	100	101	95
IC	99	80	77	101	100
IC	100	85	83	106	90
IC	101	79	88	83	111
IC	102	86	78	101	99
IC	103	76	65	111	90
IC	104	76	70	64	88
IC	105	91	83	90	97
IC	106	67	85	95	96
IC	107	80	66	85	101
IC	108	87	70	90	86
IC	109	83	75	96	114
IC	110	66	88	97	88
IC	111	76	87	96	99
IC	112	83	74	105	78
IC	113	54	79	99	94
IC	114	82	76	80	75
IC	115	91	70	82	99
IC	116	60	76	92	97
IC	117	87	74	96	86
IC	118	61	69	99	91
IC	119	75	74	94	100
IC	120	71	77	83	71
IC	121	58	74	85	90
IC	122	62	85	100	91
IC	123	62	78	68	81
IC	124	82	69	80	79
IC	125	73	64	79	82
IC	126	69	73	86	92
IC	127	56	77	80	100
IC	128	77	61	86	62
IC	129	64	61	67	80
IC	130	86	65	65	72
IC	131	69	57	80	71
IC	132	65	64	71	76
IC	133	63	47	75	64
IC	134	54	43	66	83
IC	135	52	49	67	67
IC	136	51	45	70	59
IC	137	59	52	57	62
IC	138	51	52	52	58
IC	139	45	33	50	67
IC	140	40	29	78	68
IC	141	40	41	54	47
IC	142	38	44	50	52
IC	143	33	23	43	36
IC	144	36	35	33	33
IC	145	33	36	41	37
IC	146	29	14	30	30
IC	147	24	18	32	18
# Coverage distribution. Use `grep ^COV | cut -f 2-` to extract this part.
COV	[1-1]	1	3307684
COV	[2-2]	2	1995534
COV	[3-3]	3	619799
COV	[4-4]	4	474758
COV	[5-5]	5	322204
COV	[6-6]	6	260652
COV	[7-7]	7	207247
COV	[8-8]	8	174518
COV	[9-9]	9	148655
COV	[10-10]	10	130124
COV	[11-11]	11	115816
COV	[12-12]	12	104941
COV	[13-13]	13	93906
COV	[14-14]	14	86691
COV	[15-15]	15	80882
COV	[16-16]	16	74615
COV	[17-17]	17	70887
COV	[18-18]	18	66656
COV	[19-19]	19	64773
COV	[20-20]	20	60429
COV	[21-21]	21	57312
COV	[22-22]	22	55623
COV	[23-23]	23	53338
COV	[24-24]	24	51488
COV	[25-25]	25	49812
COV	[26-26]	26	48135
COV	[27-27]	27	47316
COV	[28-28]	28	45751
COV	[29-29]	29	45066
COV	[30-30]	30	43756
COV	[31-31]	31	43070
COV	[32-32]	32	41509
COV	[33-33]	33	40028
COV	[34-34]	34	39135
COV	[35-35]	35	38636
COV	[36-36]	36	37602
COV	[37-37]	37	36976
COV	[38-38]	38	36699
COV	[39-39]	39	36025
COV	[40-40]	40	35397
COV	[41-41]	41	34621
COV	[42-42]	42	33409
COV	[43-43]	43	33097
COV	[44-44]	44	33349
COV	[45-45]	45	32635
COV	[46-46]	46	31969
COV	[47-47]	47	32045
COV	[48-48]	48	31254
COV	[49-49]	49	31230
COV	[50-50]	50	31305
COV	[51-51]	51	30907
COV	[52-52]	52	30525
COV	[53-53]	53	29988
COV	[54-54]	54	29739
COV	[55-55]	55	29141
COV	[56-56]	56	29224
COV	[57-57]	57	28557
COV	[58-58]	58	28822
COV	[59-59]	59	28551
COV	[60-60]	60	27949
COV	[61-61]	61	27619
COV	[62-62]	62	27235
COV	[63-63]	63	26565
COV	[64-64]	64	26696
COV	[65-65]	65	26424
COV	[66-66]	66	26585
COV	[67-67]	67	26146
COV	[68-68]	68	25784
COV	[69-69]	69	25630
COV	[70-70]	70	25037
COV	[71-71]	71	24925
COV	[72-72]	72	24536
COV	[73-73]	73	23966
COV	[74-74]	74	23841
COV	[75-75]	75	23840
COV	[76-76]	76	23310
COV	[77-77]	77	23136
COV	[78-78]	78	23109
COV	[79-79]	79	22656
COV	[80-80]	80	22252
COV	[81-81]	81	22376
COV	[82-82]	82	22007
COV	[83-83]	83	22225
COV	[84-84]	84	21730
COV	[85-85]	85	21666
COV	[86-86]	86	21153
COV	[87-87]	87	21094
COV	[88-88]	88	20742
COV	[89-89]	89	20222
COV	[90-90]	90	19959
COV	[91-91]	91	19714
COV	[92-92]	92	19206
COV	[93-93]	93	19018
COV	[94-94]	94	18779
COV	[95-95]	95	18856
COV	[96-96]	96	18474
COV	[97-97]	97	18167
COV	[98-98]	98	17626
COV	[99-99]	99	17495
COV	[100-100]	100	17178
COV	[101-101]	101	16949
COV	[102-102]	102	16440
COV	[103-103]	103	16613
COV	[104-104]	104	16237
COV	[105-105]	105	16493
COV	[106-106]	106	15899
COV	[107-107]	107	15770
COV	[108-108]	108	15385
COV	[109-109]	109	15201
COV	[110-110]	110	15053
COV	[111-111]	111	14600
COV	[112-112]	112	14386
COV	[113-113]	113	14307
COV	[114-114]	114	14287
COV	[115-115]	115	13637
COV	[116-116]	116	13359
COV	[117-117]	117	13233
COV	[118-118]	118	12870
COV	[119-119]	119	12592
COV	[120-120]	120	12441
COV	[121-121]	121	12086
COV	[122-122]	122	12085
COV	[123-123]	123	12074
COV	[124-124]	124	11346
COV	[125-125]	125	11147
COV	[126-126]	126	10826
COV	[127-127]	127	10993
COV	[128-128]	128	10811
COV	[129-129]	129	10484
COV	[130-130]	130	10162
COV	[131-131]	131	10262
COV	[132-132]	132	9965
COV	[133-133]	133	9823
COV	[134-134]	134	9501
COV	[135-135]	135	9140
COV	[136-136]	136	9015
COV	[137-137]	137	9027
COV	[138-138]	138	8644
COV	[139-139]	139	8813
COV	[140-140]	140	8521
COV	[141-141]	141	8417
COV	[142-142]	142	8164
COV	[143-143]	143	7908
COV	[144-144]	144	7864
COV	[145-145]	145	7838
COV	[146-146]	146	7702
COV	[147-147]	147	7733
COV	[148-148]	148	7392
COV	[149-149]	149	7390
COV	[150-150]	150	7149
COV	[151-151]	151	7032
COV	[152-152]	152	6888
COV	[153-153]	153	6778
COV	[154-154]	154	6408
COV	[155-155]	155	6346
COV	[156-156]	156	6113
COV	[157-157]	157	6095
COV	[158-158]	158	5916
COV	[159-159]	159	5846
COV	[160-160]	160	5459
COV	[161-161]	161	5317
COV	[162-162]	162	5159
COV	[163-163]	163	5029
COV	[164-164]	164	5184
COV	[165-165]	165	4741
COV	[166-166]	166	4795
COV	[167-167]	167	4543
COV	[168-168]	168	4527
COV	[169-169]	169	4253
COV	[170-170]	170	4071
COV	[171-171]	171	4013
COV	[172-172]	172	4023
COV	[173-173]	173	3919
COV	[174-174]	174	3649
COV	[175-175]	175	3613
COV	[176-176]	176	3488
COV	[177-177]	177	3431
COV	[178-178]	178	3378
COV	[179-179]	179	3175
COV	[180-180]	180	3207
COV	[181-181]	181	3026
COV	[182-182]	182	2969
COV	[183-183]	183	2886
COV	[184-184]	184	2769
COV	[185-185]	185	2797
COV	[186-186]	186	2786
COV	[187-187]	187	2718
COV	[188-188]	188	2682
COV	[189-189]	189	2660
COV	[190-190]	190	2651
COV	[191-191]	191	2606
COV	[192-192]	192	2591
COV	[193-193]	193	2428
COV	[194-194]	194	2478
COV	[195-195]	195	2398
COV	[196-196]	196	2259
COV	[197-197]	197	2200
COV	[198-198]	198	2249
COV	[199-199]	199	2160
COV	[200-200]	200	1992
COV	[201-201]	201	2023
COV	[202-202]	202	1910
COV	[203-203]	203	1785
COV	[204-204]	204	1768
COV	[205-205]	205	1708
COV	[206-206]	206	1717
COV	[207-207]	207	1649
COV	[208-208]	208	1640
COV	[209-209]	209	1686
COV	[210-210]	210	1608
COV	[211-211]	211	1503
COV	[212-212]	212	1559
COV	[213-213]	213	1472
COV	[214-214]	214	1489
COV	[215-215]	215	1467
COV	[216-216]	216	1429
COV	[217-217]	217	1353
COV	[218-218]	218	1370
COV	[219-219]	219	1288
COV	[220-220]	220	1256
COV	[221-221]	221	1151
COV	[222-222]	222	1233
COV	[223-223]	223	1229
COV	[224-224]	224	1224
COV	[225-225]	225	1199
COV	[226-226]	226	1110
COV	[227-227]	227	1088
COV	[228-228]	228	1085
COV	[229-229]	229	1139
COV	[230-230]	230	1084
COV	[231-231]	231	1039
COV	[232-232]	232	1002
COV	[233-233]	233	940
COV	[234-234]	234	899
COV	[235-235]	235	818
COV	[236-236]	236	840
COV	[237-237]	237	826
COV	[238-238]	238	739
COV	[239-239]	239	827
COV	[240-240]	240	749
COV	[241-241]	241	728
COV	[242-242]	242	731
COV	[243-243]	243	685
COV	[244-244]	244	640
COV	[245-245]	245	654
COV	[246-246]	246	603
COV	[247-247]	247	597
COV	[248-248]	248	611
COV	[249-249]	249	576
COV	[250-250]	250	553
COV	[251-251]	251	530
COV	[252-252]	252	568
COV	[253-253]	253	495
COV	[254-254]	254	520
COV	[255-255]	255	496
COV	[256-256]	256	524
COV	[257-257]	257	480
COV	[258-258]	258	498
COV	[259-259]	259	476
COV	[260-260]	260	490
COV	[261-261]	261	440
COV	[262-262]	262	445
COV	[263-263]	263	469
COV	[264-264]	264	419
COV	[265-265]	265	499
COV	[266-266]	266	447
COV	[267-267]	267	512
COV	[268-268]	268	439
COV	[269-269]	269	479
COV	[270-270]	270	433
COV	[271-271]	271	441
COV	[272-272]	272	455
COV	[273-273]	273	441
COV	[274-274]	274	410
COV	[275-275]	275	440
COV	[276-276]	276	414
COV	[277-277]	277	394
COV	[278-278]	278	412
COV	[279-279]	279	414
COV	[280-280]	280	396
COV	[281-281]	281	371
COV	[282-282]	282	365
COV	[283-283]	283	339
COV	[284-284]	284	327
COV	[285-285]	285	311
COV	[286-286]	286	307
COV	[287-287]	287	313
COV	[288-288]	288	295
COV	[289-289]	289	316
COV	[290-290]	290	323
COV	[291-291]	291	300
COV	[292-292]	292	305
COV	[293-293]	293	259
COV	[294-294]	294	282
COV	[295-295]	295	284
COV	[296-296]	296	253
COV	[297-297]	297	244
COV	[298-298]	298	242
COV	[299-299]	299	260
COV	[300-300]	300	244
COV	[301-301]	301	255
COV	[302-302]	302	191
COV	[303-303]	303	214
COV	[304-304]	304	186
COV	[305-305]	305	198
COV	[306-306]	306	178
COV	[307-307]	307	171
COV	[308-308]	308	174
COV	[309-309]	309	163
COV	[310-310]	310	143
COV	[311-311]	311	162
COV	[312-312]	312	155
COV	[313-313]	313	147
COV	[314-314]	314	111
COV	[315-315]	315	107
COV	[316-316]	316	118
COV	[317-317]	317	106
COV	[318-318]	318	95
COV	[319-319]	319	113
COV	[320-320]	320	120
COV	[321-321]	321	117
COV	[322-322]	322	114
COV	[323-323]	323	121
COV	[324-324]	324	116
COV	[325-325]	325	106
COV	[326-326]	326	113
COV	[327-327]	327	108
COV	[328-328]	328	110
COV	[329-329]	329	95
COV	[330-330]	330	105
COV	[331-331]	331	107
COV	[332-332]	332	94
COV	[333-333]	333	84
COV	[334-334]	334	102
COV	[335-335]	335	88
COV	[336-336]	336	90
COV	[337-337]	337	101
COV	[338-338]	338	90
COV	[339-339]	339	85
COV	[340-340]	340	78
COV	[341-341]	341	74
COV	[342-342]	342	74
COV	[343-343]	343	74
COV	[344-344]	344	77
COV	[345-345]	345	66
COV	[346-346]	346	60
COV	[347-347]	347	70
COV	[348-348]	348	61
COV	[349-349]	349	69
COV	[350-350]	350	41
COV	[351-351]	351	49
COV	[352-352]	352	42
COV	[353-353]	353	58
COV	[354-354]	354	63
COV	[355-355]	355	49
COV	[356-356]	356	47
COV	[357-357]	357	47
COV	[358-358]	358	42
COV	[359-359]	359	53
COV	[360-360]	360	41
COV	[361-361]	361	38
COV	[362-362]	362	45
COV	[363-363]	363	41
COV	[364-364]	364	44
COV	[365-365]	365	46
COV	[366-366]	366	54
COV	[367-367]	367	55
COV	[368-368]	368	35
COV	[369-369]	369	47
COV	[370-370]	370	50
COV	[371-371]	371	65
COV	[372-372]	372	60
COV	[373-373]	373	58
COV	[374-374]	374	53
COV	[375-375]	375	68
COV	[376-376]	376	55
COV	[377-377]	377	55
COV	[378-378]	378	45
COV	[379-379]	379	56
COV	[380-380]	380	50
COV	[381-381]	381	35
COV	[382-382]	382	49
COV	[383-383]	383	48
COV	[384-384]	384	42
COV	[385-385]	385	29
COV	[386-386]	386	42
COV	[387-387]	387	33
COV	[388-388]	388	24
COV	[389-389]	389	25
COV	[390-390]	390	30
COV	[391-391]	391	40
COV	[392-392]	392	38
COV	[393-393]	393	37
COV	[394-394]	394	25
COV	[395-395]	395	26
COV	[396-396]	396	16
COV	[397-397]	397	23
COV	[398-398]	398	25
COV	[399-399]	399	30
COV	[400-400]	400	19
COV	[401-401]	401	29
COV	[402-402]	402	22
COV	[403-403]	403	20
COV	[404-404]	404	18
COV	[405-405]	405	21
COV	[406-406]	406	24
COV	[407-407]	407	14
COV	[408-408]	408	10
COV	[409-409]	409	15
COV	[410-410]	410	5
COV	[411-411]	411	13
COV	[412-412]	412	6
COV	[413-413]	413	8
COV	[414-414]	414	11
COV	[415-415]	415	8
COV	[416-416]	416	7
COV	[417-417]	417	12
COV	[418-418]	418	8
COV	[419-419]	419	8
COV	[420-420]	420	16
COV	[421-421]	421	9
COV	[422-422]	422	12
COV	[423-423]	423	17
COV	[424-424]	424	13
COV	[425-425]	425	20
COV	[426-426]	426	18
COV	[427-427]	427	18
COV	[428-428]	428	13
COV	[429-429]	429	15
COV	[430-430]	430	14
COV	[431-431]	431	14
COV	[432-432]	432	13
COV	[433-433]	433	14
COV	[434-434]	434	12
COV	[435-435]	435	11
COV	[436-436]	436	12
COV	[437-437]	437	12
COV	[438-438]	438	2
COV	[439-439]	439	9
COV	[440-440]	440	6
COV	[441-441]	441	7
COV	[442-442]	442	8
COV	[443-443]	443	4
COV	[444-444]	444	4
COV	[445-445]	445	1
COV	[447-447]	447	1
COV	[448-448]	448	1
COV	[449-449]	449	7
COV	[450-450]	450	2
COV	[451-451]	451	2
COV	[452-452]	452	3
COV	[453-453]	453	2
COV	[454-454]	454	6
COV	[455-455]	455	5
COV	[456-456]	456	3
COV	[457-457]	457	1
COV	[458-458]	458	2
COV	[459-459]	459	2
COV	[460-460]	460	4
COV	[461-461]	461	3
COV	[462-462]	462	9
COV	[463-463]	463	1
COV	[464-464]	464	2
COV	[465-465]	465	3
COV	[466-466]	466	3
COV	[467-467]	467	3
COV	[468-468]	468	4
COV	[469-469]	469	3
COV	[470-470]	470	2
COV	[471-471]	471	2
COV	[472-472]	472	5
COV	[473-473]	473	1
COV	[474-474]	474	2
COV	[475-475]	475	3
COV	[476-476]	476	2
COV	[477-477]	477	6
COV	[478-478]	478	9
COV	[479-479]	479	3
COV	[480-480]	480	7
COV	[481-481]	481	2
COV	[482-482]	482	3
COV	[483-483]	483	1
COV	[484-484]	484	3
COV	[485-485]	485	2
COV	[486-486]	486	3
COV	[487-487]	487	2
COV	[488-488]	488	1
COV	[489-489]	489	2
COV	[491-491]	491	4
COV	[493-493]	493	3
COV	[494-494]	494	1
COV	[495-495]	495	2
COV	[496-496]	496	2
COV	[497-497]	497	2
COV	[498-498]	498	2
COV	[499-499]	499	1
COV	[500-500]	500	2
COV	[501-501]	501	1
COV	[502-502]	502	4
COV	[503-503]	503	4
COV	[504-504]	504	3
COV	[505-505]	505	1
COV	[506-506]	506	2
COV	[507-507]	507	4
COV	[508-508]	508	4
COV	[509-509]	509	2
COV	[510-510]	510	1
COV	[511-511]	511	5
COV	[512-512]	512	2
COV	[513-513]	513	2
COV	[514-514]	514	1
COV	[515-515]	515	4
COV	[517-517]	517	4
COV	[518-518]	518	3
COV	[519-519]	519	4
COV	[520-520]	520	1
COV	[521-521]	521	1
COV	[522-522]	522	2
COV	[523-523]	523	5
COV	[524-524]	524	2
COV	[525-525]	525	8
COV	[526-526]	526	7
COV	[527-527]	527	2
COV	[528-528]	528	4
COV	[529-529]	529	4
COV	[530-530]	530	2
COV	[531-531]	531	3
COV	[532-532]	532	1
COV	[533-533]	533	2
COV	[534-534]	534	4
COV	[535-535]	535	3
COV	[536-536]	536	2
COV	[537-537]	537	3
COV	[538-538]	538	1
COV	[539-539]	539	6
COV	[540-540]	540	2
COV	[541-541]	541	7
COV	[542-542]	542	8
COV	[543-543]	543	2
COV	[544-544]	544	4
COV	[545-545]	545	6
COV	[546-546]	546	6
COV	[547-547]	547	1
COV	[548-548]	548	3
COV	[551-551]	551	3
COV	[552-552]	552	1
COV	[553-553]	553	2
COV	[554-554]	554	2
COV	[555-555]	555	1
COV	[556-556]	556	4
COV	[557-557]	557	1
COV	[558-558]	558	1
COV	[559-559]	559	1
COV	[560-560]	560	1
COV	[562-562]	562	1
COV	[563-563]	563	1
COV	[564-564]	564	2
COV	[565-565]	565	4
COV	[566-566]	566	2
COV	[567-567]	567	1
COV	[568-568]	568	1
COV	[569-569]	569	2
COV	[570-570]	570	1
COV	[572-572]	572	1
COV	[573-573]	573	2
COV	[574-574]	574	1
COV	[575-575]	575	1
COV	[576-576]	576	3
COV	[577-577]	577	1
COV	[578-578]	578	3
COV	[579-579]	579	2
COV	[581-581]	581	1
COV	[582-582]	582	2
COV	[583-583]	583	2
COV	[584-584]	584	2
COV	[586-586]	586	3
COV	[587-587]	587	2
COV	[588-588]	588	1
COV	[589-589]	589	1
COV	[590-590]	590	1
COV	[591-591]	591	2
COV	[594-594]	594	3
COV	[595-595]	595	4
COV	[596-596]	596	2
COV	[597-597]	597	4
COV	[598-598]	598	2
COV	[599-599]	599	3
COV	[600-600]	600	2
COV	[601-601]	601	3
COV	[602-602]	602	2
COV	[603-603]	603	1
COV	[605-605]	605	1
COV	[606-606]	606	2
COV	[607-607]	607	1
COV	[608-608]	608	2
COV	[609-609]	609	3
COV	[610-610]	610	3
COV	[611-611]	611	1
COV	[612-612]	612	1
COV	[614-614]	614	2
COV	[616-616]	616	1
COV	[618-618]	618	1
COV	[619-619]	619	2
COV	[621-621]	621	3
COV	[622-622]	622	1
COV	[623-623]	623	1
COV	[624-624]	624	2
COV	[625-625]	625	1
COV	[626-626]	626	1
COV	[627-627]	627	4
COV	[629-629]	629	2
COV	[630-630]	630	2
COV	[631-631]	631	2
COV	[632-632]	632	3
COV	[633-633]	633	3
COV	[634-634]	634	1
COV	[635-635]	635	6
COV	[636-636]	636	7
COV	[637-637]	637	5
COV	[638-638]	638	4
COV	[639-639]	639	2
COV	[640-640]	640	3
COV	[641-641]	641	4
COV	[642-642]	642	2
COV	[643-643]	643	2
COV	[644-644]	644	2
COV	[645-645]	645	3
COV	[646-646]	646	1
COV	[647-647]	647	2
COV	[648-648]	648	3
COV	[650-650]	650	1
COV	[651-651]	651	1
COV	[652-652]	652	1
COV	[653-653]	653	1
COV	[654-654]	654	1
COV	[655-655]	655	3
COV	[657-657]	657	1
COV	[658-658]	658	2
COV	[660-660]	660	3
COV	[661-661]	661	1
COV	[662-662]	662	2
COV	[665-665]	665	1
COV	[666-666]	666	1
COV	[667-667]	667	2
COV	[668-668]	668	2
COV	[669-669]	669	1
COV	[670-670]	670	1
COV	[674-674]	674	1
COV	[675-675]	675	1
COV	[676-676]	676	1
COV	[680-680]	680	1
COV	[681-681]	681	1
COV	[682-682]	682	1
COV	[683-683]	683	1
COV	[684-684]	684	1
COV	[688-688]	688	1
COV	[689-689]	689	2
COV	[690-690]	690	1
COV	[693-693]	693	3
COV	[694-694]	694	2
COV	[696-696]	696	1
COV	[697-697]	697	1
COV	[698-698]	698	1
COV	[699-699]	699	1
COV	[701-701]	701	3
COV	[702-702]	702	1
COV	[703-703]	703	1
COV	[704-704]	704	3
COV	[705-705]	705	3
COV	[707-707]	707	2
COV	[708-708]	708	3
COV	[709-709]	709	4
COV	[710-710]	710	7
COV	[711-711]	711	5
COV	[712-712]	712	3
COV	[713-713]	713	1
COV	[714-714]	714	3
COV	[715-715]	715	3
COV	[716-716]	716	3
COV	[717-717]	717	2
COV	[720-720]	720	2
COV	[721-721]	721	2
COV	[722-722]	722	1
COV	[723-723]	723	1
COV	[724-724]	724	1
COV	[727-727]	727	2
COV	[728-728]	728	2
COV	[729-729]	729	3
COV	[730-730]	730	6
COV	[731-731]	731	1
COV	[732-732]	732	2
COV	[733-733]	733	4
COV	[734-734]	734	2
COV	[735-735]	735	1
COV	[736-736]	736	2
COV	[738-738]	738	4
COV	[739-739]	739	2
COV	[740-740]	740	3
COV	[741-741]	741	2
COV	[742-742]	742	1
COV	[743-743]	743	2
COV	[744-744]	744	6
COV	[745-745]	745	4
COV	[746-746]	746	7
COV	[747-747]	747	5
COV	[748-748]	748	2
COV	[749-749]	749	4
COV	[750-750]	750	5
COV	[751-751]	751	4
COV	[752-752]	752	4
COV	[754-754]	754	4
COV	[755-755]	755	1
COV	[756-756]	756	1
COV	[757-757]	757	2
COV	[758-758]	758	2
COV	[759-759]	759	1
COV	[760-760]	760	1
COV	[761-761]	761	2
COV	[762-762]	762	5
COV	[763-763]	763	1
COV	[764-764]	764	1
COV	[765-765]	765	1
COV	[766-766]	766	3
COV	[774-774]	774	1
COV	[775-775]	775	1
COV	[777-777]	777	1
COV	[780-780]	780	1
COV	[782-782]	782	1
COV	[785-785]	785	1
COV	[794-794]	794	1
COV	[796-796]	796	1
COV	[798-798]	798	1
COV	[803-803]	803	1
COV	[804-804]	804	1
COV	[805-805]	805	2
COV	[806-806]	806	1
COV	[811-811]	811	1
COV	[817-817]	817	1
COV	[818-818]	818	1
COV	[819-819]	819	1
COV	[827-827]	827	1
COV	[831-831]	831	1
COV	[832-832]	832	1
COV	[836-836]	836	2
COV	[843-843]	843	1
COV	[851-851]	851	2
COV	[852-852]	852	1
COV	[855-855]	855	1
COV	[859-859]	859	1
COV	[861-861]	861	1
COV	[864-864]	864	1
COV	[865-865]	865	1
COV	[870-870]	870	1
COV	[875-875]	875	1
COV	[876-876]	876	1
COV	[879-879]	879	1
COV	[881-881]	881	1
COV	[887-887]	887	1
COV	[888-888]	888	1
COV	[892-892]	892	1
COV	[895-895]	895	1
COV	[897-897]	897	1
COV	[900-900]	900	1
COV	[902-902]	902	1
COV	[909-909]	909	2
COV	[919-919]	919	1
COV	[922-922]	922	1
COV	[923-923]	923	1
COV	[926-926]	926	1
COV	[928-928]	928	1
COV	[933-933]	933	1
COV	[934-934]	934	1
COV	[935-935]	935	1
COV	[938-938]	938	1
COV	[941-941]	941	1
COV	[943-943]	943	3
COV	[945-945]	945	1
COV	[946-946]	946	1
COV	[947-947]	947	1
COV	[951-951]	951	2
COV	[953-953]	953	3
COV	[957-957]	957	1
COV	[958-958]	958	1
COV	[960-960]	960	2
COV	[961-961]	961	3
COV	[962-962]	962	3
COV	[963-963]	963	4
COV	[964-964]	964	1
COV	[965-965]	965	1
COV	[966-966]	966	1
COV	[967-967]	967	1
COV	[968-968]	968	1
COV	[970-970]	970	1
COV	[975-975]	975	1
COV	[976-976]	976	1
COV	[977-977]	977	2
# GC-depth. Use `grep ^GCD | cut -f 2-` to extract this part. The columns are: GC%, unique sequence percentiles, 10th, 25th, 50th, 75th and 90th depth percentile
GCD	0.0	0.866	0.007	0.007	0.007	0.007	0.015
GCD	0.8	0.870	0.015	0.015	0.015	0.015	0.015
GCD	9.0	0.875	0.029	0.029	0.029	0.029	0.029
GCD	12.0	0.879	0.015	0.015	0.015	0.015	0.015
GCD	14.0	0.888	0.015	0.015	0.015	0.015	0.015
GCD	15.0	0.898	0.015	0.015	0.015	0.015	0.015
GCD	16.0	0.911	0.015	0.015	0.015	0.022	0.022
GCD	17.0	0.934	0.015	0.015	0.015	0.018	0.022
GCD	18.0	0.943	0.015	0.015	0.015	0.015	0.015
GCD	19.0	0.966	0.007	0.007	0.015	0.015	0.015
GCD	20.0	1.012	0.007	0.013	0.015	0.015	0.054
GCD	21.0	1.049	0.015	0.015	0.015	0.026	0.029
GCD	22.0	1.122	0.007	0.015	0.015	0.015	0.015
GCD	23.0	1.214	0.007	0.007	0.015	0.022	0.056
GCD	24.0	1.305	0.007	0.007	0.015	0.027	0.498
GCD	25.0	1.475	0.007	0.007	0.015	0.344	0.546
GCD	26.0	1.690	0.007	0.007	0.015	0.307	0.622
GCD	27.0	1.987	0.007	0.007	0.029	0.439	0.773
GCD	28.0	2.281	0.007	0.015	0.300	0.734	1.109
GCD	29.0	2.848	0.007	0.015	0.359	0.703	1.017
GCD	30.0	3.494	0.007	0.015	0.542	0.926	1.325
GCD	31.0	4.534	0.007	0.015	0.307	0.893	1.276
GCD	32.0	5.743	0.007	0.015	0.571	1.039	1.482
GCD	33.0	7.258	0.007	0.015	0.439	1.164	1.660
GCD	34.0	9.200	0.015	0.015	0.446	1.069	1.500
GCD	35.0	11.439	0.015	0.015	0.190	1.164	1.698
GCD	36.0	14.040	0.015	0.015	0.392	1.230	1.721
GCD	37.0	17.099	0.015	0.015	0.059	1.081	1.714
GCD	38.0	20.264	0.015	0.015	0.044	1.054	1.825
GCD	39.0	23.886	0.015	0.015	0.073	1.186	1.786
GCD	40.0	27.119	0.015	0.015	0.059	1.230	1.920
GCD	41.0	31.094	0.015	0.015	0.029	0.995	1.758
GCD	42.0	34.831	0.015	0.015	0.044	1.037	1.833
GCD	43.0	39.181	0.015	0.015	0.029	0.864	1.683
GCD	44.0	43.555	0.015	0.015	0.029	0.673	1.666
GCD	45.0	48.381	0.015	0.015	0.029	0.531	1.555
GCD	46.0	52.997	0.015	0.015	0.029	0.421	1.604
GCD	47.0	57.883	0.015	0.015	0.029	0.234	1.391
GCD	48.0	62.531	0.015	0.015	0.029	0.424	1.537
GCD	49.0	67.083	0.015	0.015	0.022	0.205	1.336
GCD	50.0	71.338	0.015	0.015	0.029	0.315	1.478
GCD	51.0	75.280	0.015	0.015	0.015	0.132	1.373
GCD	52.0	78.811	0.015	0.015	0.015	0.132	1.332
GCD	53.0	82.118	0.007	0.015	0.015	0.088	1.484
GCD	54.0	84.792	0.015	0.015	0.015	0.313	1.866
GCD	55.0	87.086	0.015	0.015	0.015	0.794	2.155
GCD	56.0	89.087	0.015	0.015	0.022	0.765	2.202
GCD	57.0	90.640	0.015	0.015	0.022	1.039	2.415
GCD	58.0	92.023	0.015	0.015	0.044	1.233	2.511
GCD	59.0	93.168	0.015	0.015	0.044	1.424	2.816
GCD	60.0	94.193	0.015	0.015	0.044	1.671	3.389
GCD	61.0	95.077	0.015	0.015	0.124	1.768	3.507
GCD	62.0	95.686	0.015	0.015	0.176	1.760	3.163
GCD	63.0	96.254	0.015	0.015	0.051	1.255	2.942
GCD	64.0	96.726	0.015	0.015	0.146	2.042	3.579
GCD	65.0	97.202	0.015	0.015	0.029	1.427	2.774
GCD	66.0	97.559	0.015	0.015	0.029	1.667	2.704
GCD	67.0	97.971	0.015	0.015	0.015	0.875	1.748
GCD	68.0	98.338	0.015	0.015	0.015	0.430	1.902
GCD	69.0	98.663	0.015	0.015	0.015	0.044	1.388
GCD	70.0	98.979	0.015	0.015	0.015	0.029	0.776
GCD	71.0	99.318	0.015	0.015	0.015	0.029	0.059
GCD	72.0	99.560	0.015	0.015	0.015	0.029	0.082
GCD	73.0	99.757	0.015	0.015	0.015	0.029	0.246
GCD	74.0	99.881	0.015	0.015	0.015	0.029	0.064
GCD	75.0	99.927	0.015	0.015	0.015	0.022	0.083
GCD	76.0	99.945	0.015	0.015	0.015	0.015	0.015
GCD	77.0	99.973	0.015	0.015	0.015	0.018	0.029
GCD	78.0	99.977	0.161	0.161	0.161	0.161	0.161
GCD	79.0	100.000	0.015	0.015	0.015	0.015	0.015
