# This file was produced by samtools stats (1.22.1+htslib-1.22.1) and can be plotted using plot-bamstats
# This file contains statistics for all reads.
# The command line was:  stats results/BAM/Sample_03_markdup.bam
# CHK, Checksum	[2]Read Names	[3]Sequences	[4]Qualities
# CHK, CRC32 of reads which passed filtering followed by addition (32bit overflow)
CHK	9a51038f	ad20a532	352d212b
# Summary Numbers. Use `grep ^SN | cut -f 2-` to extract this part.
SN	raw total sequences:	1953104	# excluding supplementary and secondary reads
SN	filtered sequences:	0
SN	sequences:	1953104
SN	is sorted:	1	# sorted by coordinate
SN	1st fragments:	976882
SN	last fragments:	976222
SN	reads mapped:	1953104
SN	reads mapped and paired:	1952918	# paired-end technology bit set + both mates mapped
SN	reads unmapped:	0
SN	reads properly paired:	1943750	# proper-pair bit set
SN	reads paired:	1953104	# paired-end technology bit set
SN	reads duplicated:	20740	# PCR or optical duplicate bit set
SN	reads MQ0:	0	# mapped and MQ=0
SN	reads QC failed:	0
SN	non-primary alignments:	0
SN	supplementary alignments:	764
SN	total length:	286993173	# ignores clipping
SN	total first fragment length:	143545000	# ignores clipping
SN	total last fragment length:	143448173	# ignores clipping
SN	bases mapped:	286993173	# ignores clipping
SN	bases mapped (cigar):	286655413	# more accurate
SN	bases trimmed:	0
SN	bases duplicated:	3070234
SN	mismatches:	1099041	# from NM fields
SN	error rate:	3.834014e-03	# mismatches / bases mapped (cigar)
SN	average length:	147
SN	average first fragment length:	147
SN	average last fragment length:	147
SN	maximum length:	150
SN	maximum first fragment length:	150
SN	maximum last fragment length:	150
SN	average quality:	39.3
SN	insert size average:	208.6
SN	insert size standard deviation:	61.1
SN	inward oriented pairs:	973519
SN	outward oriented pairs:	588
SN	pairs with other orientation:	67
SN	pairs on different chromosomes:	2203
SN	percentage of properly paired reads (%):	99.5
# First Fragment Qualities. Use `grep ^FFQ | cut -f 2-` to extract this part.
# Columns correspond to qualities and rows to cycles. First column is the cycle number.
FFQ	1	0	0	0	0	0	0	0	0	0	0	0	0	18710	0	0	0	0	0	0	0	0	0	0	0	51299	0	0	0	0	0	0	0	0	0	0	0	0	0	0	0	906873	0
FFQ	2	0	0	3333	0	0	0	0	0	0	0	0	0	12831	0	0	0	0	0	0	0	0	0	0	0	26241	0	0	0	0	0	0	0	0	0	0	0	0	0	0	0	934477	0
FFQ	3	0	0	0	0	0	0	0	0	0	0	0	0	13777	0	0	0	0	0	0	0	0	0	0	0	29288	0	0	0	0	0	0	0	0	0	0	0	0	0	0	0	933817	0
FFQ	4	0	0	863	0	0	0	0	0	0	0	0	0	13736	0	0	0	0	0	0	0	0	0	0	0	28720	0	0	0	0	0	0	0	0	0	0	0	0	0	0	0	933563	0
FFQ	5	0	0	0	0	0	0	0	0	0	0	0	0	12951	0	0	0	0	0	0	0	0	0	0	0	27657	0	0	0	0	0	0	0	0	0	0	0	0	0	0	0	936274	0
FFQ	6	0	0	0	0	0	0	0	0	0	0	0	0	12539	0	0	0	0	0	0	0	0	0	0	0	27083	0	0	0	0	0	0	0	0	0	0	0	0	0	0	0	937260	0
FFQ	7	0	0	4	0	0	0	0	0	0	0	0	0	11841	0	0	0	0	0	0	0	0	0	0	0	26578	0	0	0	0	0	0	0	0	0	0	0	0	0	0	0	938459	0
FFQ	8	0	0	0	0	0	0	0	0	0	0	0	0	11023	0	0	0	0	0	0	0	0	0	0	0	25547	0	0	0	0	0	0	0	0	0	0	0	0	0	0	0	940312	0
FFQ	9	0	0	923	0	0	0	0	0	0	0	0	0	10547	0	0	0	0	0	0	0	0	0	0	0	25485	0	0	0	0	0	0	0	0	0	0	0	0	0	0	0	939927	0
FFQ	10	0	0	0	0	0	0	0	0	0	0	0	0	10287	0	0	0	0	0	0	0	0	0	0	0	24727	0	0	0	0	0	0	0	0	0	0	0	0	0	0	0	941868	0
FFQ	11	0	0	0	0	0	0	0	0	0	0	0	0	9921	0	0	0	0	0	0	0	0	0	0	0	24458	0	0	0	0	0	0	0	0	0	0	0	0	0	0	0	942503	0
FFQ	12	0	0	0	0	0	0	0	0	0	0	0	0	9694	0	0	0	0	0	0	0	0	0	0	0	24391	0	0	0	0	0	0	0	0	0	0	0	0	0	0	0	942797	0
FFQ	13	0	0	0	0	0	0	0	0	0	0	0	0	9364	0	0	0	0	0	0	0	0	0	0	0	24056	0	0	0	0	0	0	0	0	0	0	0	0	0	0	0	943462	0
FFQ	14	0	0	0	0	0	0	0	0	0	0	0	0	9267	0	0	0	0	0	0	0	0	0	0	0	23583	0	0	0	0	0	0	0	0	0	0	0	0	0	0	0	944032	0
FFQ	15	0	0	0	0	0	0	0	0	0	0	0	0	9171	0	0	0	0	0	0	0	0	0	0	0	23366	0	0	0	0	0	0	0	0	0	0	0	0	0	0	0	944345	0
FFQ	16	0	0	1	0	0	0	0	0	0	0	0	0	6885	0	0	0	0	0	0	0	0	0	0	0	19567	0	0	0	0	0	0	0	0	0	0	0	0	0	0	0	950429	0
FFQ	17	0	0	0	0	0	0	0	0	0	0	0	0	6900	0	0	0	0	0	0	0	0	0	0	0	19312	0	0	0	0	0	0	0	0	0	0	0	0	0	0	0	950670	0
FFQ	18	0	0	14	0	0	0	0	0	0	0	0	0	6968	0	0	0	0	0	0	0	0	0	0	0	19594	0	0	0	0	0	0	0	0	0	0	0	0	0	0	0	950306	0
FFQ	19	0	0	0	0	0	0	0	0	0	0	0	0	6657	0	0	0	0	0	0	0	0	0	0	0	19148	0	0	0	0	0	0	0	0	0	0	0	0	0	0	0	951077	0
FFQ	20	0	0	2	0	0	0	0	0	0	0	0	0	6432	0	0	0	0	0	0	0	0	0	0	0	18834	0	0	0	0	0	0	0	0	0	0	0	0	0	0	0	951614	0
FFQ	21	0	0	0	0	0	0	0	0	0	0	0	0	6300	0	0	0	0	0	0	0	0	0	0	0	18481	0	0	0	0	0	0	0	0	0	0	0	0	0	0	0	952101	0
FFQ	22	0	0	0	0	0	0	0	0	0	0	0	0	6604	0	0	0	0	0	0	0	0	0	0	0	18991	0	0	0	0	0	0	0	0	0	0	0	0	0	0	0	951287	0
FFQ	23	0	0	0	0	0	0	0	0	0	0	0	0	6364	0	0	0	0	0	0	0	0	0	0	0	18544	0	0	0	0	0	0	0	0	0	0	0	0	0	0	0	951974	0
FFQ	24	0	0	1	0	0	0	0	0	0	0	0	0	6329	0	0	0	0	0	0	0	0	0	0	0	18494	0	0	0	0	0	0	0	0	0	0	0	0	0	0	0	952058	0
FFQ	25	0	0	7	0	0	0	0	0	0	0	0	0	6284	0	0	0	0	0	0	0	0	0	0	0	18341	0	0	0	0	0	0	0	0	0	0	0	0	0	0	0	952250	0
FFQ	26	0	0	0	0	0	0	0	0	0	0	0	0	10318	0	0	0	0	0	0	0	0	0	0	0	22743	0	0	0	0	0	0	0	0	0	0	0	0	0	0	0	943821	0
FFQ	27	0	0	0	0	0	0	0	0	0	0	0	0	10369	0	0	0	0	0	0	0	0	0	0	0	22917	0	0	0	0	0	0	0	0	0	0	0	0	0	0	0	943596	0
FFQ	28	0	0	0	0	0	0	0	0	0	0	0	0	10497	0	0	0	0	0	0	0	0	0	0	0	22727	0	0	0	0	0	0	0	0	0	0	0	0	0	0	0	943658	0
FFQ	29	0	0	11	0	0	0	0	0	0	0	0	0	10772	0	0	0	0	0	0	0	0	0	0	0	22593	0	0	0	0	0	0	0	0	0	0	0	0	0	0	0	943506	0
FFQ	30	0	0	0	0	0	0	0	0	0	0	0	0	10365	0	0	0	0	0	0	0	0	0	0	0	22629	0	0	0	0	0	0	0	0	0	0	0	0	0	0	0	943888	0
FFQ	31	0	0	0	0	0	0	0	0	0	0	0	0	10369	0	0	0	0	0	0	0	0	0	0	0	22297	0	0	0	0	0	0	0	0	0	0	0	0	0	0	0	944216	0
FFQ	32	0	0	0	0	0	0	0	0	0	0	0	0	10441	0	0	0	0	0	0	0	0	0	0	0	22554	0	0	0	0	0	0	0	0	0	0	0	0	0	0	0	943884	0
FFQ	33	0	0	0	0	0	0	0	0	0	0	0	0	10843	0	0	0	0	0	0	0	0	0	0	0	22924	0	0	0	0	0	0	0	0	0	0	0	0	0	0	0	943110	0
FFQ	34	0	0	0	0	0	0	0	0	0	0	0	0	10256	0	0	0	0	0	0	0	0	0	0	0	22241	0	0	0	0	0	0	0	0	0	0	0	0	0	0	0	944378	0
FFQ	35	0	0	0	0	0	0	0	0	0	0	0	0	10272	0	0	0	0	0	0	0	0	0	0	0	22168	0	0	0	0	0	0	0	0	0	0	0	0	0	0	0	944429	0
FFQ	36	0	0	1	0	0	0	0	0	0	0	0	0	10557	0	0	0	0	0	0	0	0	0	0	0	22301	0	0	0	0	0	0	0	0	0	0	0	0	0	0	0	944009	0
FFQ	37	0	0	0	0	0	0	0	0	0	0	0	0	9968	0	0	0	0	0	0	0	0	0	0	0	22252	0	0	0	0	0	0	0	0	0	0	0	0	0	0	0	944644	0
FFQ	38	0	0	0	0	0	0	0	0	0	0	0	0	10171	0	0	0	0	0	0	0	0	0	0	0	22138	0	0	0	0	0	0	0	0	0	0	0	0	0	0	0	944550	0
FFQ	39	0	0	0	0	0	0	0	0	0	0	0	0	10648	0	0	0	0	0	0	0	0	0	0	0	22284	0	0	0	0	0	0	0	0	0	0	0	0	0	0	0	943926	0
FFQ	40	0	0	0	0	0	0	0	0	0	0	0	0	10029	0	0	0	0	0	0	0	0	0	0	0	22040	0	0	0	0	0	0	0	0	0	0	0	0	0	0	0	944786	0
FFQ	41	0	0	13	0	0	0	0	0	0	0	0	0	10078	0	0	0	0	0	0	0	0	0	0	0	21642	0	0	0	0	0	0	0	0	0	0	0	0	0	0	0	945120	0
FFQ	42	0	0	0	0	0	0	0	0	0	0	0	0	10163	0	0	0	0	0	0	0	0	0	0	0	22068	0	0	0	0	0	0	0	0	0	0	0	0	0	0	0	944621	0
FFQ	43	0	0	0	0	0	0	0	0	0	0	0	0	10255	0	0	0	0	0	0	0	0	0	0	0	21986	0	0	0	0	0	0	0	0	0	0	0	0	0	0	0	944609	0
FFQ	44	0	0	0	0	0	0	0	0	0	0	0	0	10308	0	0	0	0	0	0	0	0	0	0	0	22081	0	0	0	0	0	0	0	0	0	0	0	0	0	0	0	944460	0
FFQ	45	0	0	0	0	0	0	0	0	0	0	0	0	10156	0	0	0	0	0	0	0	0	0	0	0	21904	0	0	0	0	0	0	0	0	0	0	0	0	0	0	0	944787	0
FFQ	46	0	0	0	0	0	0	0	0	0	0	0	0	10123	0	0	0	0	0	0	0	0	0	0	0	21815	0	0	0	0	0	0	0	0	0	0	0	0	0	0	0	944904	0
FFQ	47	0	0	0	0	0	0	0	0	0	0	0	0	10048	0	0	0	0	0	0	0	0	0	0	0	21959	0	0	0	0	0	0	0	0	0	0	0	0	0	0	0	944830	0
FFQ	48	0	0	0	0	0	0	0	0	0	0	0	0	10575	0	0	0	0	0	0	0	0	0	0	0	21931	0	0	0	0	0	0	0	0	0	0	0	0	0	0	0	944328	0
FFQ	49	0	0	0	0	0	0	0	0	0	0	0	0	10167	0	0	0	0	0	0	0	0	0	0	0	21728	0	0	0	0	0	0	0	0	0	0	0	0	0	0	0	944938	0
FFQ	50	0	0	7	0	0	0	0	0	0	0	0	0	10687	0	0	0	0	0	0	0	0	0	0	0	22333	0	0	0	0	0	0	0	0	0	0	0	0	0	0	0	943805	0
FFQ	51	0	0	0	0	0	0	0	0	0	0	0	0	10146	0	0	0	0	0	0	0	0	0	0	0	21602	0	0	0	0	0	0	0	0	0	0	0	0	0	0	0	945080	0
FFQ	52	0	0	0	0	0	0	0	0	0	0	0	0	10108	0	0	0	0	0	0	0	0	0	0	0	21831	0	0	0	0	0	0	0	0	0	0	0	0	0	0	0	944886	0
FFQ	53	0	0	0	0	0	0	0	0	0	0	0	0	10139	0	0	0	0	0	0	0	0	0	0	0	21937	0	0	0	0	0	0	0	0	0	0	0	0	0	0	0	944746	0
FFQ	54	0	0	0	0	0	0	0	0	0	0	0	0	10496	0	0	0	0	0	0	0	0	0	0	0	21889	0	0	0	0	0	0	0	0	0	0	0	0	0	0	0	944431	0
FFQ	55	0	0	0	0	0	0	0	0	0	0	0	0	10265	0	0	0	0	0	0	0	0	0	0	0	21831	0	0	0	0	0	0	0	0	0	0	0	0	0	0	0	944719	0
FFQ	56	0	0	0	0	0	0	0	0	0	0	0	0	10332	0	0	0	0	0	0	0	0	0	0	0	21834	0	0	0	0	0	0	0	0	0	0	0	0	0	0	0	944644	0
FFQ	57	0	0	0	0	0	0	0	0	0	0	0	0	10430	0	0	0	0	0	0	0	0	0	0	0	21911	0	0	0	0	0	0	0	0	0	0	0	0	0	0	0	944463	0
FFQ	58	0	0	0	0	0	0	0	0	0	0	0	0	10281	0	0	0	0	0	0	0	0	0	0	0	21900	0	0	0	0	0	0	0	0	0	0	0	0	0	0	0	944621	0
FFQ	59	0	0	0	0	0	0	0	0	0	0	0	0	10268	0	0	0	0	0	0	0	0	0	0	0	22071	0	0	0	0	0	0	0	0	0	0	0	0	0	0	0	944458	0
FFQ	60	0	0	0	0	0	0	0	0	0	0	0	0	10835	0	0	0	0	0	0	0	0	0	0	0	22336	0	0	0	0	0	0	0	0	0	0	0	0	0	0	0	943621	0
FFQ	61	0	0	0	0	0	0	0	0	0	0	0	0	10516	0	0	0	0	0	0	0	0	0	0	0	22179	0	0	0	0	0	0	0	0	0	0	0	0	0	0	0	944094	0
FFQ	62	0	0	0	0	0	0	0	0	0	0	0	0	10609	0	0	0	0	0	0	0	0	0	0	0	22110	0	0	0	0	0	0	0	0	0	0	0	0	0	0	0	944062	0
FFQ	63	0	0	0	0	0	0	0	0	0	0	0	0	10701	0	0	0	0	0	0	0	0	0	0	0	22180	0	0	0	0	0	0	0	0	0	0	0	0	0	0	0	943890	0
FFQ	64	0	0	0	0	0	0	0	0	0	0	0	0	10569	0	0	0	0	0	0	0	0	0	0	0	22039	0	0	0	0	0	0	0	0	0	0	0	0	0	0	0	944150	0
FFQ	65	0	0	0	0	0	0	0	0	0	0	0	0	10380	0	0	0	0	0	0	0	0	0	0	0	22346	0	0	0	0	0	0	0	0	0	0	0	0	0	0	0	944024	0
FFQ	66	0	0	0	0	0	0	0	0	0	0	0	0	10879	0	0	0	0	0	0	0	0	0	0	0	22535	0	0	0	0	0	0	0	0	0	0	0	0	0	0	0	943325	0
FFQ	67	0	0	0	0	0	0	0	0	0	0	0	0	10705	0	0	0	0	0	0	0	0	0	0	0	22214	0	0	0	0	0	0	0	0	0	0	0	0	0	0	0	943805	0
FFQ	68	0	0	1	0	0	0	0	0	0	0	0	0	10926	0	0	0	0	0	0	0	0	0	0	0	22598	0	0	0	0	0	0	0	0	0	0	0	0	0	0	0	943181	0
FFQ	69	0	0	14	0	0	0	0	0	0	0	0	0	10955	0	0	0	0	0	0	0	0	0	0	0	22450	0	0	0	0	0	0	0	0	0	0	0	0	0	0	0	943268	0
FFQ	70	0	0	0	0	0	0	0	0	0	0	0	0	10910	0	0	0	0	0	0	0	0	0	0	0	22589	0	0	0	0	0	0	0	0	0	0	0	0	0	0	0	943165	0
FFQ	71	0	0	0	0	0	0	0	0	0	0	0	0	10843	0	0	0	0	0	0	0	0	0	0	0	22426	0	0	0	0	0	0	0	0	0	0	0	0	0	0	0	943369	0
FFQ	72	0	0	0	0	0	0	0	0	0	0	0	0	10860	0	0	0	0	0	0	0	0	0	0	0	22531	0	0	0	0	0	0	0	0	0	0	0	0	0	0	0	943217	0
FFQ	73	0	0	0	0	0	0	0	0	0	0	0	0	10922	0	0	0	0	0	0	0	0	0	0	0	22818	0	0	0	0	0	0	0	0	0	0	0	0	0	0	0	942837	0
FFQ	74	0	0	0	0	0	0	0	0	0	0	0	0	10862	0	0	0	0	0	0	0	0	0	0	0	22868	0	0	0	0	0	0	0	0	0	0	0	0	0	0	0	942820	0
FFQ	75	0	0	0	0	0	0	0	0	0	0	0	0	11314	0	0	0	0	0	0	0	0	0	0	0	22890	0	0	0	0	0	0	0	0	0	0	0	0	0	0	0	942312	0
FFQ	76	0	0	0	0	0	0	0	0	0	0	0	0	11026	0	0	0	0	0	0	0	0	0	0	0	22823	0	0	0	0	0	0	0	0	0	0	0	0	0	0	0	942615	0
FFQ	77	0	0	0	0	0	0	0	0	0	0	0	0	11151	0	0	0	0	0	0	0	0	0	0	0	22778	0	0	0	0	0	0	0	0	0	0	0	0	0	0	0	942489	0
FFQ	78	0	0	1	0	0	0	0	0	0	0	0	0	11328	0	0	0	0	0	0	0	0	0	0	0	23370	0	0	0	0	0	0	0	0	0	0	0	0	0	0	0	941662	0
FFQ	79	0	0	0	0	0	0	0	0	0	0	0	0	11161	0	0	0	0	0	0	0	0	0	0	0	22893	0	0	0	0	0	0	0	0	0	0	0	0	0	0	0	942247	0
FFQ	80	0	0	0	0	0	0	0	0	0	0	0	0	10902	0	0	0	0	0	0	0	0	0	0	0	23261	0	0	0	0	0	0	0	0	0	0	0	0	0	0	0	942067	0
FFQ	81	0	0	0	0	0	0	0	0	0	0	0	0	11315	0	0	0	0	0	0	0	0	0	0	0	23102	0	0	0	0	0	0	0	0	0	0	0	0	0	0	0	941724	0
FFQ	82	0	0	0	0	0	0	0	0	0	0	0	0	11380	0	0	0	0	0	0	0	0	0	0	0	23724	0	0	0	0	0	0	0	0	0	0	0	0	0	0	0	940952	0
FFQ	83	0	0	33	0	0	0	0	0	0	0	0	0	11429	0	0	0	0	0	0	0	0	0	0	0	23606	0	0	0	0	0	0	0	0	0	0	0	0	0	0	0	940886	0
FFQ	84	0	0	0	0	0	0	0	0	0	0	0	0	11401	0	0	0	0	0	0	0	0	0	0	0	23497	0	0	0	0	0	0	0	0	0	0	0	0	0	0	0	940931	0
FFQ	85	0	0	0	0	0	0	0	0	0	0	0	0	11404	0	0	0	0	0	0	0	0	0	0	0	23439	0	0	0	0	0	0	0	0	0	0	0	0	0	0	0	940871	0
FFQ	86	0	0	0	0	0	0	0	0	0	0	0	0	11516	0	0	0	0	0	0	0	0	0	0	0	23720	0	0	0	0	0	0	0	0	0	0	0	0	0	0	0	940342	0
FFQ	87	0	0	0	0	0	0	0	0	0	0	0	0	11790	0	0	0	0	0	0	0	0	0	0	0	23624	0	0	0	0	0	0	0	0	0	0	0	0	0	0	0	939960	0
FFQ	88	0	0	12	0	0	0	0	0	0	0	0	0	11703	0	0	0	0	0	0	0	0	0	0	0	24053	0	0	0	0	0	0	0	0	0	0	0	0	0	0	0	939423	0
FFQ	89	0	0	0	0	0	0	0	0	0	0	0	0	11745	0	0	0	0	0	0	0	0	0	0	0	23808	0	0	0	0	0	0	0	0	0	0	0	0	0	0	0	939423	0
FFQ	90	0	0	11	0	0	0	0	0	0	0	0	0	11627	0	0	0	0	0	0	0	0	0	0	0	23860	0	0	0	0	0	0	0	0	0	0	0	0	0	0	0	939257	0
FFQ	91	0	0	0	0	0	0	0	0	0	0	0	0	11697	0	0	0	0	0	0	0	0	0	0	0	23962	0	0	0	0	0	0	0	0	0	0	0	0	0	0	0	938854	0
FFQ	92	0	0	0	0	0	0	0	0	0	0	0	0	11829	0	0	0	0	0	0	0	0	0	0	0	24435	0	0	0	0	0	0	0	0	0	0	0	0	0	0	0	937947	0
FFQ	93	0	0	12	0	0	0	0	0	0	0	0	0	11870	0	0	0	0	0	0	0	0	0	0	0	24296	0	0	0	0	0	0	0	0	0	0	0	0	0	0	0	937723	0
FFQ	94	0	0	0	0	0	0	0	0	0	0	0	0	12264	0	0	0	0	0	0	0	0	0	0	0	24418	0	0	0	0	0	0	0	0	0	0	0	0	0	0	0	936892	0
FFQ	95	0	0	0	0	0	0	0	0	0	0	0	0	11789	0	0	0	0	0	0	0	0	0	0	0	24210	0	0	0	0	0	0	0	0	0	0	0	0	0	0	0	937211	0
FFQ	96	0	0	0	0	0	0	0	0	0	0	0	0	12157	0	0	0	0	0	0	0	0	0	0	0	24381	0	0	0	0	0	0	0	0	0	0	0	0	0	0	0	936278	0
FFQ	97	0	0	0	0	0	0	0	0	0	0	0	0	12160	0	0	0	0	0	0	0	0	0	0	0	24421	0	0	0	0	0	0	0	0	0	0	0	0	0	0	0	935816	0
FFQ	98	0	0	4	0	0	0	0	0	0	0	0	0	11762	0	0	0	0	0	0	0	0	0	0	0	24610	0	0	0	0	0	0	0	0	0	0	0	0	0	0	0	935567	0
FFQ	99	0	0	0	0	0	0	0	0	0	0	0	0	12206	0	0	0	0	0	0	0	0	0	0	0	24523	0	0	0	0	0	0	0	0	0	0	0	0	0	0	0	934662	0
FFQ	100	0	0	0	0	0	0	0	0	0	0	0	0	12237	0	0	0	0	0	0	0	0	0	0	0	24648	0	0	0	0	0	0	0	0	0	0	0	0	0	0	0	933931	0
FFQ	101	0	0	0	0	0	0	0	0	0	0	0	0	12291	0	0	0	0	0	0	0	0	0	0	0	25213	0	0	0	0	0	0	0	0	0	0	0	0	0	0	0	932704	0
FFQ	102	0	0	9	0	0	0	0	0	0	0	0	0	12270	0	0	0	0	0	0	0	0	0	0	0	25008	0	0	0	0	0	0	0	0	0	0	0	0	0	0	0	932282	0
FFQ	103	0	0	1139	0	0	0	0	0	0	0	0	0	12601	0	0	0	0	0	0	0	0	0	0	0	25042	0	0	0	0	0	0	0	0	0	0	0	0	0	0	0	930062	0
FFQ	104	0	0	0	0	0	0	0	0	0	0	0	0	12387	0	0	0	0	0	0	0	0	0	0	0	25149	0	0	0	0	0	0	0	0	0	0	0	0	0	0	0	930503	0
FFQ	105	0	0	0	0	0	0	0	0	0	0	0	0	12591	0	0	0	0	0	0	0	0	0	0	0	25278	0	0	0	0	0	0	0	0	0	0	0	0	0	0	0	929381	0
FFQ	106	0	0	0	0	0	0	0	0	0	0	0	0	13112	0	0	0	0	0	0	0	0	0	0	0	25284	0	0	0	0	0	0	0	0	0	0	0	0	0	0	0	927915	0
FFQ	107	0	0	10	0	0	0	0	0	0	0	0	0	12556	0	0	0	0	0	0	0	0	0	0	0	25610	0	0	0	0	0	0	0	0	0	0	0	0	0	0	0	927159	0
FFQ	108	0	0	0	0	0	0	0	0	0	0	0	0	12836	0	0	0	0	0	0	0	0	0	0	0	25715	0	0	0	0	0	0	0	0	0	0	0	0	0	0	0	925772	0
FFQ	109	0	0	0	0	0	0	0	0	0	0	0	0	12862	0	0	0	0	0	0	0	0	0	0	0	25658	0	0	0	0	0	0	0	0	0	0	0	0	0	0	0	924655	0
FFQ	110	0	0	0	0	0	0	0	0	0	0	0	0	12858	0	0	0	0	0	0	0	0	0	0	0	25698	0	0	0	0	0	0	0	0	0	0	0	0	0	0	0	923370	0
FFQ	111	0	0	0	0	0	0	0	0	0	0	0	0	12872	0	0	0	0	0	0	0	0	0	0	0	25932	0	0	0	0	0	0	0	0	0	0	0	0	0	0	0	921797	0
FFQ	112	0	0	10	0	0	0	0	0	0	0	0	0	12691	0	0	0	0	0	0	0	0	0	0	0	25434	0	0	0	0	0	0	0	0	0	0	0	0	0	0	0	921038	0
FFQ	113	0	0	0	0	0	0	0	0	0	0	0	0	12814	0	0	0	0	0	0	0	0	0	0	0	25703	0	0	0	0	0	0	0	0	0	0	0	0	0	0	0	919189	0
FFQ	114	0	0	0	0	0	0	0	0	0	0	0	0	12953	0	0	0	0	0	0	0	0	0	0	0	25813	0	0	0	0	0	0	0	0	0	0	0	0	0	0	0	917328	0
FFQ	115	0	0	532	0	0	0	0	0	0	0	0	0	13069	0	0	0	0	0	0	0	0	0	0	0	25740	0	0	0	0	0	0	0	0	0	0	0	0	0	0	0	915066	0
FFQ	116	0	0	0	0	0	0	0	0	0	0	0	0	12957	0	0	0	0	0	0	0	0	0	0	0	25670	0	0	0	0	0	0	0	0	0	0	0	0	0	0	0	913882	0
FFQ	117	0	0	0	0	0	0	0	0	0	0	0	0	13401	0	0	0	0	0	0	0	0	0	0	0	26204	0	0	0	0	0	0	0	0	0	0	0	0	0	0	0	910939	0
FFQ	118	0	0	0	0	0	0	0	0	0	0	0	0	12963	0	0	0	0	0	0	0	0	0	0	0	25992	0	0	0	0	0	0	0	0	0	0	0	0	0	0	0	909593	0
FFQ	119	0	0	0	0	0	0	0	0	0	0	0	0	13040	0	0	0	0	0	0	0	0	0	0	0	25881	0	0	0	0	0	0	0	0	0	0	0	0	0	0	0	907649	0
FFQ	120	0	0	0	0	0	0	0	0	0	0	0	0	13096	0	0	0	0	0	0	0	0	0	0	0	26084	0	0	0	0	0	0	0	0	0	0	0	0	0	0	0	905217	0
FFQ	121	0	0	0	0	0	0	0	0	0	0	0	0	13075	0	0	0	0	0	0	0	0	0	0	0	25845	0	0	0	0	0	0	0	0	0	0	0	0	0	0	0	903127	0
FFQ	122	0	0	0	0	0	0	0	0	0	0	0	0	13225	0	0	0	0	0	0	0	0	0	0	0	26109	0	0	0	0	0	0	0	0	0	0	0	0	0	0	0	900279	0
FFQ	123	0	0	0	0	0	0	0	0	0	0	0	0	13065	0	0	0	0	0	0	0	0	0	0	0	25893	0	0	0	0	0	0	0	0	0	0	0	0	0	0	0	898074	0
FFQ	124	0	0	0	0	0	0	0	0	0	0	0	0	13210	0	0	0	0	0	0	0	0	0	0	0	25771	0	0	0	0	0	0	0	0	0	0	0	0	0	0	0	895353	0
FFQ	125	0	0	0	0	0	0	0	0	0	0	0	0	13470	0	0	0	0	0	0	0	0	0	0	0	26020	0	0	0	0	0	0	0	0	0	0	0	0	0	0	0	892010	0
FFQ	126	0	0	2	0	0	0	0	0	0	0	0	0	13349	0	0	0	0	0	0	0	0	0	0	0	25821	0	0	0	0	0	0	0	0	0	0	0	0	0	0	0	889527	0
FFQ	127	0	0	1	0	0	0	0	0	0	0	0	0	13257	0	0	0	0	0	0	0	0	0	0	0	26045	0	0	0	0	0	0	0	0	0	0	0	0	0	0	0	886320	0
FFQ	128	0	0	12	0	0	0	0	0	0	0	0	0	13256	0	0	0	0	0	0	0	0	0	0	0	25817	0	0	0	0	0	0	0	0	0	0	0	0	0	0	0	883399	0
FFQ	129	0	0	94	0	0	0	0	0	0	0	0	0	13241	0	0	0	0	0	0	0	0	0	0	0	25949	0	0	0	0	0	0	0	0	0	0	0	0	0	0	0	880009	0
FFQ	130	0	0	0	0	0	0	0	0	0	0	0	0	13326	0	0	0	0	0	0	0	0	0	0	0	25708	0	0	0	0	0	0	0	0	0	0	0	0	0	0	0	876822	0
FFQ	131	0	0	0	0	0	0	0	0	0	0	0	0	13090	0	0	0	0	0	0	0	0	0	0	0	26116	0	0	0	0	0	0	0	0	0	0	0	0	0	0	0	873137	0
FFQ	132	0	0	0	0	0	0	0	0	0	0	0	0	13351	0	0	0	0	0	0	0	0	0	0	0	25790	0	0	0	0	0	0	0	0	0	0	0	0	0	0	0	869652	0
FFQ	133	0	0	0	0	0	0	0	0	0	0	0	0	13231	0	0	0	0	0	0	0	0	0	0	0	25662	0	0	0	0	0	0	0	0	0	0	0	0	0	0	0	866136	0
FFQ	134	0	0	0	0	0	0	0	0	0	0	0	0	13162	0	0	0	0	0	0	0	0	0	0	0	25438	0	0	0	0	0	0	0	0	0	0	0	0	0	0	0	862644	0
FFQ	135	0	0	1	0	0	0	0	0	0	0	0	0	13266	0	0	0	0	0	0	0	0	0	0	0	25349	0	0	0	0	0	0	0	0	0	0	0	0	0	0	0	858569	0
FFQ	136	0	0	1	0	0	0	0	0	0	0	0	0	13203	0	0	0	0	0	0	0	0	0	0	0	25230	0	0	0	0	0	0	0	0	0	0	0	0	0	0	0	854674	0
FFQ	137	0	0	0	0	0	0	0	0	0	0	0	0	13262	0	0	0	0	0	0	0	0	0	0	0	25253	0	0	0	0	0	0	0	0	0	0	0	0	0	0	0	850409	0
FFQ	138	0	0	3836	0	0	0	0	0	0	0	0	0	13311	0	0	0	0	0	0	0	0	0	0	0	25541	0	0	0	0	0	0	0	0	0	0	0	0	0	0	0	841919	0
FFQ	139	0	0	18	0	0	0	0	0	0	0	0	0	13252	0	0	0	0	0	0	0	0	0	0	0	25227	0	0	0	0	0	0	0	0	0	0	0	0	0	0	0	841636	0
FFQ	140	0	0	0	0	0	0	0	0	0	0	0	0	13491	0	0	0	0	0	0	0	0	0	0	0	25134	0	0	0	0	0	0	0	0	0	0	0	0	0	0	0	836920	0
FFQ	141	0	0	11	0	0	0	0	0	0	0	0	0	13238	0	0	0	0	0	0	0	0	0	0	0	25135	0	0	0	0	0	0	0	0	0	0	0	0	0	0	0	832450	0
FFQ	142	0	0	0	0	0	0	0	0	0	0	0	0	13246	0	0	0	0	0	0	0	0	0	0	0	25453	0	0	0	0	0	0	0	0	0	0	0	0	0	0	0	827391	0
FFQ	143	0	0	0	0	0	0	0	0	0	0	0	0	13023	0	0	0	0	0	0	0	0	0	0	0	25006	0	0	0	0	0	0	0	0	0	0	0	0	0	0	0	822930	0
FFQ	144	0	0	0	0	0	0	0	0	0	0	0	0	13102	0	0	0	0	0	0	0	0	0	0	0	24919	0	0	0	0	0	0	0	0	0	0	0	0	0	0	0	818091	0
FFQ	145	0	0	0	0	0	0	0	0	0	0	0	0	12821	0	0	0	0	0	0	0	0	0	0	0	24575	0	0	0	0	0	0	0	0	0	0	0	0	0	0	0	813702	0
FFQ	146	0	0	0	0	0	0	0	0	0	0	0	0	13017	0	0	0	0	0	0	0	0	0	0	0	24890	0	0	0	0	0	0	0	0	0	0	0	0	0	0	0	807474	0
FFQ	147	0	0	0	0	0	0	0	0	0	0	0	0	12931	0	0	0	0	0	0	0	0	0	0	0	24626	0	0	0	0	0	0	0	0	0	0	0	0	0	0	0	802548	0
FFQ	148	0	0	0	0	0	0	0	0	0	0	0	0	12819	0	0	0	0	0	0	0	0	0	0	0	24416	0	0	0	0	0	0	0	0	0	0	0	0	0	0	0	797433	0
FFQ	149	0	0	911	0	0	0	0	0	0	0	0	0	13385	0	0	0	0	0	0	0	0	0	0	0	24351	0	0	0	0	0	0	0	0	0	0	0	0	0	0	0	790534	0
FFQ	150	0	0	1	0	0	0	0	0	0	0	0	0	16680	0	0	0	0	0	0	0	0	0	0	0	29683	0	0	0	0	0	0	0	0	0	0	0	0	0	0	0	777229	0
# Last Fragment Qualities. Use `grep ^LFQ | cut -f 2-` to extract this part.
# Columns correspond to qualities and rows to cycles. First column is the cycle number.
LFQ	1	0	0	2063	0	0	0	0	0	0	0	0	0	19180	0	0	0	0	0	0	0	0	0	0	0	55409	0	0	0	0	0	0	0	0	0	0	0	0	0	0	0	899570	0
LFQ	2	0	0	1419	0	0	0	0	0	0	0	0	0	11651	0	0	0	0	0	0	0	0	0	0	0	23022	0	0	0	0	0	0	0	0	0	0	0	0	0	0	0	940130	0
LFQ	3	0	0	0	0	0	0	0	0	0	0	0	0	11304	0	0	0	0	0	0	0	0	0	0	0	23041	0	0	0	0	0	0	0	0	0	0	0	0	0	0	0	941877	0
LFQ	4	0	0	0	0	0	0	0	0	0	0	0	0	10494	0	0	0	0	0	0	0	0	0	0	0	21713	0	0	0	0	0	0	0	0	0	0	0	0	0	0	0	944015	0
LFQ	5	0	0	14	0	0	0	0	0	0	0	0	0	9356	0	0	0	0	0	0	0	0	0	0	0	20115	0	0	0	0	0	0	0	0	0	0	0	0	0	0	0	946737	0
LFQ	6	0	0	0	0	0	0	0	0	0	0	0	0	9516	0	0	0	0	0	0	0	0	0	0	0	20410	0	0	0	0	0	0	0	0	0	0	0	0	0	0	0	946296	0
LFQ	7	0	0	9	0	0	0	0	0	0	0	0	0	9606	0	0	0	0	0	0	0	0	0	0	0	20456	0	0	0	0	0	0	0	0	0	0	0	0	0	0	0	946151	0
LFQ	8	0	0	96	0	0	0	0	0	0	0	0	0	9404	0	0	0	0	0	0	0	0	0	0	0	19692	0	0	0	0	0	0	0	0	0	0	0	0	0	0	0	947030	0
LFQ	9	0	0	0	0	0	0	0	0	0	0	0	0	8573	0	0	0	0	0	0	0	0	0	0	0	18984	0	0	0	0	0	0	0	0	0	0	0	0	0	0	0	948665	0
LFQ	10	0	0	0	0	0	0	0	0	0	0	0	0	8042	0	0	0	0	0	0	0	0	0	0	0	17960	0	0	0	0	0	0	0	0	0	0	0	0	0	0	0	950220	0
LFQ	11	0	0	0	0	0	0	0	0	0	0	0	0	8110	0	0	0	0	0	0	0	0	0	0	0	18163	0	0	0	0	0	0	0	0	0	0	0	0	0	0	0	949949	0
LFQ	12	0	0	0	0	0	0	0	0	0	0	0	0	7602	0	0	0	0	0	0	0	0	0	0	0	17348	0	0	0	0	0	0	0	0	0	0	0	0	0	0	0	951272	0
LFQ	13	0	0	0	0	0	0	0	0	0	0	0	0	8083	0	0	0	0	0	0	0	0	0	0	0	17328	0	0	0	0	0	0	0	0	0	0	0	0	0	0	0	950811	0
LFQ	14	0	0	0	0	0	0	0	0	0	0	0	0	8084	0	0	0	0	0	0	0	0	0	0	0	17539	0	0	0	0	0	0	0	0	0	0	0	0	0	0	0	950599	0
LFQ	15	0	0	0	0	0	0	0	0	0	0	0	0	8065	0	0	0	0	0	0	0	0	0	0	0	17773	0	0	0	0	0	0	0	0	0	0	0	0	0	0	0	950384	0
LFQ	16	0	0	0	0	0	0	0	0	0	0	0	0	7902	0	0	0	0	0	0	0	0	0	0	0	17540	0	0	0	0	0	0	0	0	0	0	0	0	0	0	0	950780	0
LFQ	17	0	0	0	0	0	0	0	0	0	0	0	0	7589	0	0	0	0	0	0	0	0	0	0	0	17005	0	0	0	0	0	0	0	0	0	0	0	0	0	0	0	951628	0
LFQ	18	0	0	0	0	0	0	0	0	0	0	0	0	7386	0	0	0	0	0	0	0	0	0	0	0	17051	0	0	0	0	0	0	0	0	0	0	0	0	0	0	0	951785	0
LFQ	19	0	0	0	0	0	0	0	0	0	0	0	0	7429	0	0	0	0	0	0	0	0	0	0	0	17071	0	0	0	0	0	0	0	0	0	0	0	0	0	0	0	951722	0
LFQ	20	0	0	14	0	0	0	0	0	0	0	0	0	7220	0	0	0	0	0	0	0	0	0	0	0	16568	0	0	0	0	0	0	0	0	0	0	0	0	0	0	0	952420	0
LFQ	21	0	0	0	0	0	0	0	0	0	0	0	0	7125	0	0	0	0	0	0	0	0	0	0	0	16390	0	0	0	0	0	0	0	0	0	0	0	0	0	0	0	952707	0
LFQ	22	0	0	2	0	0	0	0	0	0	0	0	0	7146	0	0	0	0	0	0	0	0	0	0	0	16294	0	0	0	0	0	0	0	0	0	0	0	0	0	0	0	952780	0
LFQ	23	0	0	0	0	0	0	0	0	0	0	0	0	7165	0	0	0	0	0	0	0	0	0	0	0	16387	0	0	0	0	0	0	0	0	0	0	0	0	0	0	0	952670	0
LFQ	24	0	0	0	0	0	0	0	0	0	0	0	0	7017	0	0	0	0	0	0	0	0	0	0	0	16271	0	0	0	0	0	0	0	0	0	0	0	0	0	0	0	952934	0
LFQ	25	0	0	0	0	0	0	0	0	0	0	0	0	7084	0	0	0	0	0	0	0	0	0	0	0	16156	0	0	0	0	0	0	0	0	0	0	0	0	0	0	0	952982	0
LFQ	26	0	0	0	0	0	0	0	0	0	0	0	0	10237	0	0	0	0	0	0	0	0	0	0	0	21875	0	0	0	0	0	0	0	0	0	0	0	0	0	0	0	944110	0
LFQ	27	0	0	0	0	0	0	0	0	0	0	0	0	9989	0	0	0	0	0	0	0	0	0	0	0	22050	0	0	0	0	0	0	0	0	0	0	0	0	0	0	0	944183	0
LFQ	28	0	0	0	0	0	0	0	0	0	0	0	0	10119	0	0	0	0	0	0	0	0	0	0	0	21891	0	0	0	0	0	0	0	0	0	0	0	0	0	0	0	944212	0
LFQ	29	0	0	0	0	0	0	0	0	0	0	0	0	9916	0	0	0	0	0	0	0	0	0	0	0	21909	0	0	0	0	0	0	0	0	0	0	0	0	0	0	0	944397	0
LFQ	30	0	0	7	0	0	0	0	0	0	0	0	0	10172	0	0	0	0	0	0	0	0	0	0	0	21978	0	0	0	0	0	0	0	0	0	0	0	0	0	0	0	944065	0
LFQ	31	0	0	0	0	0	0	0	0	0	0	0	0	10114	0	0	0	0	0	0	0	0	0	0	0	21699	0	0	0	0	0	0	0	0	0	0	0	0	0	0	0	944409	0
LFQ	32	0	0	0	0	0	0	0	0	0	0	0	0	10051	0	0	0	0	0	0	0	0	0	0	0	21592	0	0	0	0	0	0	0	0	0	0	0	0	0	0	0	944577	0
LFQ	33	0	0	0	0	0	0	0	0	0	0	0	0	10065	0	0	0	0	0	0	0	0	0	0	0	21443	0	0	0	0	0	0	0	0	0	0	0	0	0	0	0	944710	0
LFQ	34	0	0	0	0	0	0	0	0	0	0	0	0	9979	0	0	0	0	0	0	0	0	0	0	0	21556	0	0	0	0	0	0	0	0	0	0	0	0	0	0	0	944680	0
LFQ	35	0	0	0	0	0	0	0	0	0	0	0	0	9985	0	0	0	0	0	0	0	0	0	0	0	21274	0	0	0	0	0	0	0	0	0	0	0	0	0	0	0	944951	0
LFQ	36	0	0	4	0	0	0	0	0	0	0	0	0	10263	0	0	0	0	0	0	0	0	0	0	0	21481	0	0	0	0	0	0	0	0	0	0	0	0	0	0	0	944461	0
LFQ	37	0	0	0	0	0	0	0	0	0	0	0	0	10030	0	0	0	0	0	0	0	0	0	0	0	21408	0	0	0	0	0	0	0	0	0	0	0	0	0	0	0	944766	0
LFQ	38	0	0	4	0	0	0	0	0	0	0	0	0	10137	0	0	0	0	0	0	0	0	0	0	0	21497	0	0	0	0	0	0	0	0	0	0	0	0	0	0	0	944561	0
LFQ	39	0	0	10	0	0	0	0	0	0	0	0	0	10125	0	0	0	0	0	0	0	0	0	0	0	21381	0	0	0	0	0	0	0	0	0	0	0	0	0	0	0	944682	0
LFQ	40	0	0	0	0	0	0	0	0	0	0	0	0	9946	0	0	0	0	0	0	0	0	0	0	0	21495	0	0	0	0	0	0	0	0	0	0	0	0	0	0	0	944753	0
LFQ	41	0	0	5	0	0	0	0	0	0	0	0	0	9934	0	0	0	0	0	0	0	0	0	0	0	21273	0	0	0	0	0	0	0	0	0	0	0	0	0	0	0	944979	0
LFQ	42	0	0	0	0	0	0	0	0	0	0	0	0	9844	0	0	0	0	0	0	0	0	0	0	0	21433	0	0	0	0	0	0	0	0	0	0	0	0	0	0	0	944913	0
LFQ	43	0	0	63	0	0	0	0	0	0	0	0	0	9927	0	0	0	0	0	0	0	0	0	0	0	21298	0	0	0	0	0	0	0	0	0	0	0	0	0	0	0	944901	0
LFQ	44	0	0	350	0	0	0	0	0	0	0	0	0	9880	0	0	0	0	0	0	0	0	0	0	0	21417	0	0	0	0	0	0	0	0	0	0	0	0	0	0	0	944541	0
LFQ	45	0	0	0	0	0	0	0	0	0	0	0	0	9927	0	0	0	0	0	0	0	0	0	0	0	21227	0	0	0	0	0	0	0	0	0	0	0	0	0	0	0	945031	0
LFQ	46	0	0	0	0	0	0	0	0	0	0	0	0	9767	0	0	0	0	0	0	0	0	0	0	0	21040	0	0	0	0	0	0	0	0	0	0	0	0	0	0	0	945373	0
LFQ	47	0	0	13	0	0	0	0	0	0	0	0	0	9716	0	0	0	0	0	0	0	0	0	0	0	21036	0	0	0	0	0	0	0	0	0	0	0	0	0	0	0	945409	0
LFQ	48	0	0	6	0	0	0	0	0	0	0	0	0	9796	0	0	0	0	0	0	0	0	0	0	0	21231	0	0	0	0	0	0	0	0	0	0	0	0	0	0	0	945138	0
LFQ	49	0	0	0	0	0	0	0	0	0	0	0	0	9796	0	0	0	0	0	0	0	0	0	0	0	21123	0	0	0	0	0	0	0	0	0	0	0	0	0	0	0	945250	0
LFQ	50	0	0	6	0	0	0	0	0	0	0	0	0	9778	0	0	0	0	0	0	0	0	0	0	0	21176	0	0	0	0	0	0	0	0	0	0	0	0	0	0	0	945208	0
LFQ	51	0	0	0	0	0	0	0	0	0	0	0	0	9971	0	0	0	0	0	0	0	0	0	0	0	20898	0	0	0	0	0	0	0	0	0	0	0	0	0	0	0	945295	0
LFQ	52	0	0	0	0	0	0	0	0	0	0	0	0	9679	0	0	0	0	0	0	0	0	0	0	0	21031	0	0	0	0	0	0	0	0	0	0	0	0	0	0	0	945451	0
LFQ	53	0	0	0	0	0	0	0	0	0	0	0	0	9701	0	0	0	0	0	0	0	0	0	0	0	20940	0	0	0	0	0	0	0	0	0	0	0	0	0	0	0	945518	0
LFQ	54	0	0	0	0	0	0	0	0	0	0	0	0	9688	0	0	0	0	0	0	0	0	0	0	0	21014	0	0	0	0	0	0	0	0	0	0	0	0	0	0	0	945451	0
LFQ	55	0	0	59	0	0	0	0	0	0	0	0	0	9696	0	0	0	0	0	0	0	0	0	0	0	20918	0	0	0	0	0	0	0	0	0	0	0	0	0	0	0	945479	0
LFQ	56	0	0	173	0	0	0	0	0	0	0	0	0	9598	0	0	0	0	0	0	0	0	0	0	0	21275	0	0	0	0	0	0	0	0	0	0	0	0	0	0	0	945101	0
LFQ	57	0	0	0	0	0	0	0	0	0	0	0	0	9781	0	0	0	0	0	0	0	0	0	0	0	20927	0	0	0	0	0	0	0	0	0	0	0	0	0	0	0	945432	0
LFQ	58	0	0	0	0	0	0	0	0	0	0	0	0	9868	0	0	0	0	0	0	0	0	0	0	0	21092	0	0	0	0	0	0	0	0	0	0	0	0	0	0	0	945178	0
LFQ	59	0	0	0	0	0	0	0	0	0	0	0	0	9489	0	0	0	0	0	0	0	0	0	0	0	20939	0	0	0	0	0	0	0	0	0	0	0	0	0	0	0	945705	0
LFQ	60	0	0	0	0	0	0	0	0	0	0	0	0	9686	0	0	0	0	0	0	0	0	0	0	0	20940	0	0	0	0	0	0	0	0	0	0	0	0	0	0	0	945502	0
LFQ	61	0	0	0	0	0	0	0	0	0	0	0	0	9697	0	0	0	0	0	0	0	0	0	0	0	20769	0	0	0	0	0	0	0	0	0	0	0	0	0	0	0	945658	0
LFQ	62	0	0	0	0	0	0	0	0	0	0	0	0	9875	0	0	0	0	0	0	0	0	0	0	0	20949	0	0	0	0	0	0	0	0	0	0	0	0	0	0	0	945292	0
LFQ	63	0	0	6	0	0	0	0	0	0	0	0	0	10011	0	0	0	0	0	0	0	0	0	0	0	21330	0	0	0	0	0	0	0	0	0	0	0	0	0	0	0	944758	0
LFQ	64	0	0	0	0	0	0	0	0	0	0	0	0	9939	0	0	0	0	0	0	0	0	0	0	0	20953	0	0	0	0	0	0	0	0	0	0	0	0	0	0	0	945201	0
LFQ	65	0	0	0	0	0	0	0	0	0	0	0	0	9917	0	0	0	0	0	0	0	0	0	0	0	21072	0	0	0	0	0	0	0	0	0	0	0	0	0	0	0	945096	0
LFQ	66	0	0	7	0	0	0	0	0	0	0	0	0	9818	0	0	0	0	0	0	0	0	0	0	0	20950	0	0	0	0	0	0	0	0	0	0	0	0	0	0	0	945298	0
LFQ	67	0	0	0	0	0	0	0	0	0	0	0	0	10153	0	0	0	0	0	0	0	0	0	0	0	21132	0	0	0	0	0	0	0	0	0	0	0	0	0	0	0	944772	0
LFQ	68	0	0	0	0	0	0	0	0	0	0	0	0	9932	0	0	0	0	0	0	0	0	0	0	0	21194	0	0	0	0	0	0	0	0	0	0	0	0	0	0	0	944913	0
LFQ	69	0	0	22	0	0	0	0	0	0	0	0	0	10130	0	0	0	0	0	0	0	0	0	0	0	21357	0	0	0	0	0	0	0	0	0	0	0	0	0	0	0	944510	0
LFQ	70	0	0	0	0	0	0	0	0	0	0	0	0	10129	0	0	0	0	0	0	0	0	0	0	0	21569	0	0	0	0	0	0	0	0	0	0	0	0	0	0	0	944298	0
LFQ	71	0	0	0	0	0	0	0	0	0	0	0	0	10099	0	0	0	0	0	0	0	0	0	0	0	21240	0	0	0	0	0	0	0	0	0	0	0	0	0	0	0	944633	0
LFQ	72	0	0	0	0	0	0	0	0	0	0	0	0	10177	0	0	0	0	0	0	0	0	0	0	0	21530	0	0	0	0	0	0	0	0	0	0	0	0	0	0	0	944235	0
LFQ	73	0	0	0	0	0	0	0	0	0	0	0	0	10082	0	0	0	0	0	0	0	0	0	0	0	21285	0	0	0	0	0	0	0	0	0	0	0	0	0	0	0	944545	0
LFQ	74	0	0	0	0	0	0	0	0	0	0	0	0	9991	0	0	0	0	0	0	0	0	0	0	0	21536	0	0	0	0	0	0	0	0	0	0	0	0	0	0	0	944358	0
LFQ	75	0	0	5	0	0	0	0	0	0	0	0	0	10117	0	0	0	0	0	0	0	0	0	0	0	21351	0	0	0	0	0	0	0	0	0	0	0	0	0	0	0	944377	0
LFQ	76	0	0	0	0	0	0	0	0	0	0	0	0	10349	0	0	0	0	0	0	0	0	0	0	0	21460	0	0	0	0	0	0	0	0	0	0	0	0	0	0	0	943989	0
LFQ	77	0	0	0	0	0	0	0	0	0	0	0	0	10255	0	0	0	0	0	0	0	0	0	0	0	21623	0	0	0	0	0	0	0	0	0	0	0	0	0	0	0	943872	0
LFQ	78	0	0	0	0	0	0	0	0	0	0	0	0	10254	0	0	0	0	0	0	0	0	0	0	0	21607	0	0	0	0	0	0	0	0	0	0	0	0	0	0	0	943830	0
LFQ	79	0	0	0	0	0	0	0	0	0	0	0	0	10245	0	0	0	0	0	0	0	0	0	0	0	21672	0	0	0	0	0	0	0	0	0	0	0	0	0	0	0	943712	0
LFQ	80	0	0	0	0	0	0	0	0	0	0	0	0	10077	0	0	0	0	0	0	0	0	0	0	0	21439	0	0	0	0	0	0	0	0	0	0	0	0	0	0	0	944040	0
LFQ	81	0	0	0	0	0	0	0	0	0	0	0	0	10288	0	0	0	0	0	0	0	0	0	0	0	21786	0	0	0	0	0	0	0	0	0	0	0	0	0	0	0	943393	0
LFQ	82	0	0	0	0	0	0	0	0	0	0	0	0	10547	0	0	0	0	0	0	0	0	0	0	0	21974	0	0	0	0	0	0	0	0	0	0	0	0	0	0	0	942862	0
LFQ	83	0	0	0	0	0	0	0	0	0	0	0	0	10322	0	0	0	0	0	0	0	0	0	0	0	21658	0	0	0	0	0	0	0	0	0	0	0	0	0	0	0	943300	0
LFQ	84	0	0	3	0	0	0	0	0	0	0	0	0	10604	0	0	0	0	0	0	0	0	0	0	0	22014	0	0	0	0	0	0	0	0	0	0	0	0	0	0	0	942534	0
LFQ	85	0	0	0	0	0	0	0	0	0	0	0	0	10435	0	0	0	0	0	0	0	0	0	0	0	21983	0	0	0	0	0	0	0	0	0	0	0	0	0	0	0	942622	0
LFQ	86	0	0	0	0	0	0	0	0	0	0	0	0	10366	0	0	0	0	0	0	0	0	0	0	0	21905	0	0	0	0	0	0	0	0	0	0	0	0	0	0	0	942634	0
LFQ	87	0	0	0	0	0	0	0	0	0	0	0	0	10549	0	0	0	0	0	0	0	0	0	0	0	21977	0	0	0	0	0	0	0	0	0	0	0	0	0	0	0	942175	0
LFQ	88	0	0	0	0	0	0	0	0	0	0	0	0	10509	0	0	0	0	0	0	0	0	0	0	0	21861	0	0	0	0	0	0	0	0	0	0	0	0	0	0	0	942149	0
LFQ	89	0	0	0	0	0	0	0	0	0	0	0	0	10493	0	0	0	0	0	0	0	0	0	0	0	21953	0	0	0	0	0	0	0	0	0	0	0	0	0	0	0	941858	0
LFQ	90	0	0	0	0	0	0	0	0	0	0	0	0	10584	0	0	0	0	0	0	0	0	0	0	0	21779	0	0	0	0	0	0	0	0	0	0	0	0	0	0	0	941719	0
LFQ	91	0	0	0	0	0	0	0	0	0	0	0	0	10670	0	0	0	0	0	0	0	0	0	0	0	22213	0	0	0	0	0	0	0	0	0	0	0	0	0	0	0	940957	0
LFQ	92	0	0	0	0	0	0	0	0	0	0	0	0	10678	0	0	0	0	0	0	0	0	0	0	0	22235	0	0	0	0	0	0	0	0	0	0	0	0	0	0	0	940625	0
LFQ	93	0	0	0	0	0	0	0	0	0	0	0	0	10901	0	0	0	0	0	0	0	0	0	0	0	22316	0	0	0	0	0	0	0	0	0	0	0	0	0	0	0	940013	0
LFQ	94	0	0	0	0	0	0	0	0	0	0	0	0	10784	0	0	0	0	0	0	0	0	0	0	0	22355	0	0	0	0	0	0	0	0	0	0	0	0	0	0	0	939763	0
LFQ	95	0	0	3	0	0	0	0	0	0	0	0	0	10687	0	0	0	0	0	0	0	0	0	0	0	22363	0	0	0	0	0	0	0	0	0	0	0	0	0	0	0	939484	0
LFQ	96	0	0	3	0	0	0	0	0	0	0	0	0	11024	0	0	0	0	0	0	0	0	0	0	0	22345	0	0	0	0	0	0	0	0	0	0	0	0	0	0	0	938773	0
LFQ	97	0	0	0	0	0	0	0	0	0	0	0	0	10999	0	0	0	0	0	0	0	0	0	0	0	22443	0	0	0	0	0	0	0	0	0	0	0	0	0	0	0	938284	0
LFQ	98	0	0	0	0	0	0	0	0	0	0	0	0	10914	0	0	0	0	0	0	0	0	0	0	0	22601	0	0	0	0	0	0	0	0	0	0	0	0	0	0	0	937757	0
LFQ	99	0	0	0	0	0	0	0	0	0	0	0	0	10920	0	0	0	0	0	0	0	0	0	0	0	22730	0	0	0	0	0	0	0	0	0	0	0	0	0	0	0	937070	0
LFQ	100	0	0	0	0	0	0	0	0	0	0	0	0	11027	0	0	0	0	0	0	0	0	0	0	0	22519	0	0	0	0	0	0	0	0	0	0	0	0	0	0	0	936596	0
LFQ	101	0	0	7	0	0	0	0	0	0	0	0	0	11237	0	0	0	0	0	0	0	0	0	0	0	23110	0	0	0	0	0	0	0	0	0	0	0	0	0	0	0	935181	0
LFQ	102	0	0	0	0	0	0	0	0	0	0	0	0	11251	0	0	0	0	0	0	0	0	0	0	0	22852	0	0	0	0	0	0	0	0	0	0	0	0	0	0	0	934793	0
LFQ	103	0	0	0	0	0	0	0	0	0	0	0	0	11384	0	0	0	0	0	0	0	0	0	0	0	23108	0	0	0	0	0	0	0	0	0	0	0	0	0	0	0	933677	0
LFQ	104	0	0	0	0	0	0	0	0	0	0	0	0	11346	0	0	0	0	0	0	0	0	0	0	0	22835	0	0	0	0	0	0	0	0	0	0	0	0	0	0	0	933182	0
LFQ	105	0	0	0	0	0	0	0	0	0	0	0	0	11213	0	0	0	0	0	0	0	0	0	0	0	23119	0	0	0	0	0	0	0	0	0	0	0	0	0	0	0	932243	0
LFQ	106	0	0	0	0	0	0	0	0	0	0	0	0	11427	0	0	0	0	0	0	0	0	0	0	0	23118	0	0	0	0	0	0	0	0	0	0	0	0	0	0	0	931092	0
LFQ	107	0	0	5	0	0	0	0	0	0	0	0	0	11379	0	0	0	0	0	0	0	0	0	0	0	23493	0	0	0	0	0	0	0	0	0	0	0	0	0	0	0	929783	0
LFQ	108	0	0	0	0	0	0	0	0	0	0	0	0	11362	0	0	0	0	0	0	0	0	0	0	0	23421	0	0	0	0	0	0	0	0	0	0	0	0	0	0	0	928866	0
LFQ	109	0	0	4	0	0	0	0	0	0	0	0	0	11474	0	0	0	0	0	0	0	0	0	0	0	22959	0	0	0	0	0	0	0	0	0	0	0	0	0	0	0	928065	0
LFQ	110	0	0	0	0	0	0	0	0	0	0	0	0	11370	0	0	0	0	0	0	0	0	0	0	0	23099	0	0	0	0	0	0	0	0	0	0	0	0	0	0	0	926786	0
LFQ	111	0	0	0	0	0	0	0	0	0	0	0	0	11554	0	0	0	0	0	0	0	0	0	0	0	23373	0	0	0	0	0	0	0	0	0	0	0	0	0	0	0	925005	0
LFQ	112	0	0	0	0	0	0	0	0	0	0	0	0	11400	0	0	0	0	0	0	0	0	0	0	0	23130	0	0	0	0	0	0	0	0	0	0	0	0	0	0	0	923976	0
LFQ	113	0	0	0	0	0	0	0	0	0	0	0	0	11519	0	0	0	0	0	0	0	0	0	0	0	23241	0	0	0	0	0	0	0	0	0	0	0	0	0	0	0	922282	0
LFQ	114	0	0	0	0	0	0	0	0	0	0	0	0	11357	0	0	0	0	0	0	0	0	0	0	0	23355	0	0	0	0	0	0	0	0	0	0	0	0	0	0	0	920725	0
LFQ	115	0	0	0	0	0	0	0	0	0	0	0	0	11511	0	0	0	0	0	0	0	0	0	0	0	23379	0	0	0	0	0	0	0	0	0	0	0	0	0	0	0	918860	0
LFQ	116	0	0	0	0	0	0	0	0	0	0	0	0	11715	0	0	0	0	0	0	0	0	0	0	0	23391	0	0	0	0	0	0	0	0	0	0	0	0	0	0	0	916746	0
LFQ	117	0	0	0	0	0	0	0	0	0	0	0	0	11747	0	0	0	0	0	0	0	0	0	0	0	23870	0	0	0	0	0	0	0	0	0	0	0	0	0	0	0	914274	0
LFQ	118	0	0	13	0	0	0	0	0	0	0	0	0	11706	0	0	0	0	0	0	0	0	0	0	0	23454	0	0	0	0	0	0	0	0	0	0	0	0	0	0	0	912727	0
LFQ	119	0	0	73	0	0	0	0	0	0	0	0	0	11640	0	0	0	0	0	0	0	0	0	0	0	23805	0	0	0	0	0	0	0	0	0	0	0	0	0	0	0	910408	0
LFQ	120	0	0	0	0	0	0	0	0	0	0	0	0	11722	0	0	0	0	0	0	0	0	0	0	0	23773	0	0	0	0	0	0	0	0	0	0	0	0	0	0	0	908262	0
LFQ	121	0	0	2	0	0	0	0	0	0	0	0	0	11528	0	0	0	0	0	0	0	0	0	0	0	23809	0	0	0	0	0	0	0	0	0	0	0	0	0	0	0	906070	0
LFQ	122	0	0	54	0	0	0	0	0	0	0	0	0	11815	0	0	0	0	0	0	0	0	0	0	0	23568	0	0	0	0	0	0	0	0	0	0	0	0	0	0	0	903546	0
LFQ	123	0	0	1	0	0	0	0	0	0	0	0	0	11731	0	0	0	0	0	0	0	0	0	0	0	23367	0	0	0	0	0	0	0	0	0	0	0	0	0	0	0	901305	0
LFQ	124	0	0	0	0	0	0	0	0	0	0	0	0	11895	0	0	0	0	0	0	0	0	0	0	0	23684	0	0	0	0	0	0	0	0	0	0	0	0	0	0	0	898132	0
LFQ	125	0	0	0	0	0	0	0	0	0	0	0	0	11867	0	0	0	0	0	0	0	0	0	0	0	23342	0	0	0	0	0	0	0	0	0	0	0	0	0	0	0	895668	0
LFQ	126	0	0	0	0	0	0	0	0	0	0	0	0	11614	0	0	0	0	0	0	0	0	0	0	0	23516	0	0	0	0	0	0	0	0	0	0	0	0	0	0	0	892953	0
LFQ	127	0	0	0	0	0	0	0	0	0	0	0	0	11761	0	0	0	0	0	0	0	0	0	0	0	23444	0	0	0	0	0	0	0	0	0	0	0	0	0	0	0	889809	0
LFQ	128	0	0	4	0	0	0	0	0	0	0	0	0	11961	0	0	0	0	0	0	0	0	0	0	0	23574	0	0	0	0	0	0	0	0	0	0	0	0	0	0	0	886341	0
LFQ	129	0	0	183	0	0	0	0	0	0	0	0	0	11907	0	0	0	0	0	0	0	0	0	0	0	23774	0	0	0	0	0	0	0	0	0	0	0	0	0	0	0	882829	0
LFQ	130	0	0	0	0	0	0	0	0	0	0	0	0	11873	0	0	0	0	0	0	0	0	0	0	0	23391	0	0	0	0	0	0	0	0	0	0	0	0	0	0	0	879996	0
LFQ	131	0	0	17	0	0	0	0	0	0	0	0	0	11774	0	0	0	0	0	0	0	0	0	0	0	23398	0	0	0	0	0	0	0	0	0	0	0	0	0	0	0	876561	0
LFQ	132	0	0	16	0	0	0	0	0	0	0	0	0	11823	0	0	0	0	0	0	0	0	0	0	0	23577	0	0	0	0	0	0	0	0	0	0	0	0	0	0	0	872789	0
LFQ	133	0	0	4	0	0	0	0	0	0	0	0	0	11869	0	0	0	0	0	0	0	0	0	0	0	23761	0	0	0	0	0	0	0	0	0	0	0	0	0	0	0	868814	0
LFQ	134	0	0	0	0	0	0	0	0	0	0	0	0	11557	0	0	0	0	0	0	0	0	0	0	0	23395	0	0	0	0	0	0	0	0	0	0	0	0	0	0	0	865716	0
LFQ	135	0	0	0	0	0	0	0	0	0	0	0	0	11901	0	0	0	0	0	0	0	0	0	0	0	23167	0	0	0	0	0	0	0	0	0	0	0	0	0	0	0	861546	0
LFQ	136	0	0	0	0	0	0	0	0	0	0	0	0	11945	0	0	0	0	0	0	0	0	0	0	0	23316	0	0	0	0	0	0	0	0	0	0	0	0	0	0	0	857277	0
LFQ	137	0	0	6	0	0	0	0	0	0	0	0	0	11698	0	0	0	0	0	0	0	0	0	0	0	23249	0	0	0	0	0	0	0	0	0	0	0	0	0	0	0	853406	0
LFQ	138	0	0	0	0	0	0	0	0	0	0	0	0	11649	0	0	0	0	0	0	0	0	0	0	0	23161	0	0	0	0	0	0	0	0	0	0	0	0	0	0	0	849237	0
LFQ	139	0	0	1	0	0	0	0	0	0	0	0	0	11722	0	0	0	0	0	0	0	0	0	0	0	23272	0	0	0	0	0	0	0	0	0	0	0	0	0	0	0	844576	0
LFQ	140	0	0	0	0	0	0	0	0	0	0	0	0	11666	0	0	0	0	0	0	0	0	0	0	0	22890	0	0	0	0	0	0	0	0	0	0	0	0	0	0	0	840441	0
LFQ	141	0	0	1	0	0	0	0	0	0	0	0	0	11551	0	0	0	0	0	0	0	0	0	0	0	22954	0	0	0	0	0	0	0	0	0	0	0	0	0	0	0	835765	0
LFQ	142	0	0	9	0	0	0	0	0	0	0	0	0	11725	0	0	0	0	0	0	0	0	0	0	0	22723	0	0	0	0	0	0	0	0	0	0	0	0	0	0	0	831083	0
LFQ	143	0	0	0	0	0	0	0	0	0	0	0	0	11660	0	0	0	0	0	0	0	0	0	0	0	22848	0	0	0	0	0	0	0	0	0	0	0	0	0	0	0	825939	0
LFQ	144	0	0	0	0	0	0	0	0	0	0	0	0	11515	0	0	0	0	0	0	0	0	0	0	0	22782	0	0	0	0	0	0	0	0	0	0	0	0	0	0	0	821306	0
LFQ	145	0	0	0	0	0	0	0	0	0	0	0	0	11606	0	0	0	0	0	0	0	0	0	0	0	22590	0	0	0	0	0	0	0	0	0	0	0	0	0	0	0	816412	0
LFQ	146	0	0	6	0	0	0	0	0	0	0	0	0	11372	0	0	0	0	0	0	0	0	0	0	0	22517	0	0	0	0	0	0	0	0	0	0	0	0	0	0	0	810971	0
LFQ	147	0	0	69	0	0	0	0	0	0	0	0	0	11402	0	0	0	0	0	0	0	0	0	0	0	22407	0	0	0	0	0	0	0	0	0	0	0	0	0	0	0	805712	0
LFQ	148	0	0	25	0	0	0	0	0	0	0	0	0	11495	0	0	0	0	0	0	0	0	0	0	0	22435	0	0	0	0	0	0	0	0	0	0	0	0	0	0	0	800197	0
LFQ	149	0	0	53	0	0	0	0	0	0	0	0	0	11375	0	0	0	0	0	0	0	0	0	0	0	22286	0	0	0	0	0	0	0	0	0	0	0	0	0	0	0	794951	0
LFQ	150	0	0	0	0	0	0	0	0	0	0	0	0	15044	0	0	0	0	0	0	0	0	0	0	0	27701	0	0	0	0	0	0	0	0	0	0	0	0	0	0	0	780332	0
# GC Content of first fragments. Use `grep ^GCF | cut -f 2-` to extract this part.
GCF	2.51	0
GCF	5.28	1
GCF	9.55	0
GCF	14.57	1
GCF	16.08	3
GCF	16.83	5
GCF	17.34	11
GCF	18.09	22
GCF	18.84	37
GCF	19.35	60
GCF	19.85	96
GCF	20.35	101
GCF	20.85	191
GCF	21.36	299
GCF	21.86	415
GCF	22.36	449
GCF	22.86	645
GCF	23.37	922
GCF	23.87	1198
GCF	24.37	1248
GCF	24.87	1516
GCF	25.38	2057
GCF	25.88	2676
GCF	26.38	2780
GCF	26.88	3497
GCF	27.39	4424
GCF	27.89	5453
GCF	28.39	5642
GCF	28.89	6800
GCF	29.40	7748
GCF	29.90	9024
GCF	30.40	9220
GCF	30.90	10435
GCF	31.41	11673
GCF	31.91	12977
GCF	32.41	13140
GCF	32.91	14368
GCF	33.42	15661
GCF	33.92	16471
GCF	34.42	17464
GCF	34.92	17748
GCF	35.43	18560
GCF	35.93	19223
GCF	36.43	20176
GCF	36.93	20388
GCF	37.44	20917
GCF	37.94	21223
GCF	38.44	21883
GCF	38.94	21832
GCF	39.45	21875
GCF	39.95	21778
GCF	40.45	22130
GCF	40.95	22228
GCF	41.46	22404
GCF	41.96	21988
GCF	42.46	21908
GCF	42.96	21839
GCF	43.47	22025
GCF	43.97	21989
GCF	44.47	21709
GCF	44.97	21698
GCF	45.48	21064
GCF	45.98	20783
GCF	46.48	20484
GCF	46.98	20422
GCF	47.49	19655
GCF	47.99	19704
GCF	48.49	19547
GCF	48.99	19400
GCF	49.50	19086
GCF	50.00	19067
GCF	50.50	18499
GCF	51.01	18440
GCF	51.51	18642
GCF	52.01	18030
GCF	52.51	18017
GCF	53.02	17989
GCF	53.52	17817
GCF	54.02	17531
GCF	54.52	17254
GCF	55.03	17212
GCF	55.53	16623
GCF	56.03	16059
GCF	56.53	15534
GCF	57.04	15508
GCF	57.54	15179
GCF	58.04	14782
GCF	58.54	14613
GCF	59.05	14542
GCF	59.55	14221
GCF	60.05	13780
GCF	60.55	13623
GCF	61.06	13571
GCF	61.56	12548
GCF	62.06	12361
GCF	62.56	11286
GCF	63.07	11173
GCF	63.57	10305
GCF	64.07	9549
GCF	64.57	9108
GCF	65.08	8974
GCF	65.58	8040
GCF	66.08	7122
GCF	66.58	6355
GCF	67.09	5323
GCF	67.59	5168
GCF	68.09	4580
GCF	68.59	3820
GCF	69.10	3314
GCF	69.60	3250
GCF	70.10	2779
GCF	70.60	2297
GCF	71.11	2043
GCF	71.61	2049
GCF	72.11	1599
GCF	72.61	1192
GCF	73.12	951
GCF	73.62	952
GCF	74.12	720
GCF	74.62	564
GCF	75.13	405
GCF	75.63	383
GCF	76.13	280
GCF	76.63	212
GCF	77.14	127
GCF	77.64	108
GCF	78.14	72
GCF	78.64	46
GCF	79.15	36
GCF	79.65	30
GCF	80.15	18
GCF	80.90	9
GCF	81.66	5
GCF	82.41	1
GCF	83.42	3
GCF	84.17	2
GCF	84.67	0
GCF	85.43	1
# GC Content of last fragments. Use `grep ^GCL | cut -f 2-` to extract this part.
GCL	5.78	0
GCL	12.06	1
GCL	13.57	0
GCL	14.82	1
GCL	15.83	0
GCL	16.83	3
GCL	17.34	12
GCL	18.09	17
GCL	18.84	38
GCL	19.35	62
GCL	19.85	103
GCL	20.35	108
GCL	20.85	187
GCL	21.36	277
GCL	21.86	397
GCL	22.36	433
GCL	22.86	648
GCL	23.37	844
GCL	23.87	1141
GCL	24.37	1202
GCL	24.87	1490
GCL	25.38	1969
GCL	25.88	2605
GCL	26.38	2706
GCL	26.88	3560
GCL	27.39	4410
GCL	27.89	5466
GCL	28.39	5638
GCL	28.89	6627
GCL	29.40	7728
GCL	29.90	8938
GCL	30.40	9165
GCL	30.90	10404
GCL	31.41	11655
GCL	31.91	12823
GCL	32.41	12962
GCL	32.91	14302
GCL	33.42	15295
GCL	33.92	16595
GCL	34.42	17774
GCL	34.92	18038
GCL	35.43	18684
GCL	35.93	19357
GCL	36.43	20071
GCL	36.93	20325
GCL	37.44	20678
GCL	37.94	21092
GCL	38.44	21543
GCL	38.94	21461
GCL	39.45	21759
GCL	39.95	21820
GCL	40.45	22187
GCL	40.95	22329
GCL	41.46	22377
GCL	41.96	22129
GCL	42.46	21624
GCL	42.96	21604
GCL	43.47	22148
GCL	43.97	22140
GCL	44.47	21922
GCL	44.97	21940
GCL	45.48	21127
GCL	45.98	20649
GCL	46.48	20508
GCL	46.98	20434
GCL	47.49	20013
GCL	47.99	19718
GCL	48.49	19484
GCL	48.99	19312
GCL	49.50	19191
GCL	50.00	18997
GCL	50.50	18490
GCL	51.01	18440
GCL	51.51	18789
GCL	52.01	18021
GCL	52.51	18286
GCL	53.02	18277
GCL	53.52	17582
GCL	54.02	17611
GCL	54.52	16980
GCL	55.03	17013
GCL	55.53	16633
GCL	56.03	16146
GCL	56.53	15548
GCL	57.04	15524
GCL	57.54	15116
GCL	58.04	14863
GCL	58.54	14633
GCL	59.05	14566
GCL	59.55	14232
GCL	60.05	13860
GCL	60.55	13457
GCL	61.06	13441
GCL	61.56	12693
GCL	62.06	12373
GCL	62.56	11519
GCL	63.07	11384
GCL	63.57	10425
GCL	64.07	9590
GCL	64.57	8879
GCL	65.08	8765
GCL	65.58	8124
GCL	66.08	6939
GCL	66.58	6221
GCL	67.09	5394
GCL	67.59	5239
GCL	68.09	4482
GCL	68.59	3808
GCL	69.10	3302
GCL	69.60	3257
GCL	70.10	2814
GCL	70.60	2250
GCL	71.11	1873
GCL	71.61	1860
GCL	72.11	1520
GCL	72.61	1180
GCL	73.12	940
GCL	73.62	934
GCL	74.12	766
GCL	74.62	607
GCL	75.13	411
GCL	75.63	393
GCL	76.13	275
GCL	76.63	204
GCL	77.14	137
GCL	77.64	116
GCL	78.14	96
GCL	78.64	49
GCL	79.15	25
GCL	79.65	22
GCL	80.15	21
GCL	80.65	11
GCL	81.16	9
GCL	81.66	4
GCL	82.16	2
GCL	82.66	1
GCL	83.42	3
GCL	84.17	2
GCL	85.43	0
GCL	87.19	1
GCL	88.19	0
GCL	89.20	2
GCL	90.45	1
GCL	91.46	4
GCL	92.21	1
GCL	92.71	0
GCL	93.72	2
GCL	94.72	1
GCL	95.48	0
GCL	96.23	1
GCL	97.49	0
GCL	98.74	2
# ACGT content per cycle. Use `grep ^GCC | cut -f 2-` to extract this part. The columns are: cycle; A,C,G,T base counts as a percentage of all A/C/G/T bases [%]; and N and O counts as a percentage of all A/C/G/T bases [%]
GCC	1	27.88	21.68	22.38	28.06	0.11	0.00
GCC	2	28.18	21.43	22.15	28.24	0.24	0.00
GCC	3	27.42	22.17	23.03	27.38	0.00	0.00
GCC	4	26.51	23.07	23.95	26.47	0.04	0.00
GCC	5	26.53	23.05	23.97	26.45	0.00	0.00
GCC	6	26.47	23.14	24.02	26.37	0.00	0.00
GCC	7	26.60	23.06	23.94	26.41	0.00	0.00
GCC	8	26.79	22.82	23.72	26.68	0.00	0.00
GCC	9	26.83	22.80	23.71	26.66	0.05	0.00
GCC	10	26.98	22.67	23.59	26.77	0.00	0.00
GCC	11	27.00	22.57	23.56	26.88	0.00	0.00
GCC	12	27.01	22.61	23.53	26.84	0.00	0.00
GCC	13	27.08	22.51	23.49	26.93	0.00	0.00
GCC	14	27.00	22.56	23.51	26.94	0.00	0.00
GCC	15	27.02	22.56	23.62	26.80	0.00	0.00
GCC	16	26.98	22.64	23.62	26.76	0.00	0.00
GCC	17	26.94	22.72	23.68	26.66	0.00	0.00
GCC	18	26.87	22.68	23.77	26.68	0.00	0.00
GCC	19	26.88	22.71	23.79	26.62	0.00	0.00
GCC	20	26.85	22.66	23.71	26.77	0.00	0.00
GCC	21	26.77	22.75	23.77	26.71	0.00	0.00
GCC	22	26.75	22.78	23.78	26.69	0.00	0.00
GCC	23	26.79	22.74	23.79	26.68	0.00	0.00
GCC	24	26.67	22.85	23.87	26.62	0.00	0.00
GCC	25	26.70	22.82	23.85	26.63	0.00	0.00
GCC	26	26.75	22.74	23.92	26.59	0.00	0.00
GCC	27	26.66	22.77	23.98	26.59	0.00	0.00
GCC	28	26.56	22.85	23.97	26.61	0.00	0.00
GCC	29	26.63	22.81	23.94	26.62	0.00	0.00
GCC	30	26.59	22.88	23.93	26.61	0.00	0.00
GCC	31	26.57	22.90	23.94	26.59	0.00	0.00
GCC	32	26.47	22.95	23.94	26.63	0.00	0.00
GCC	33	26.51	22.93	23.98	26.59	0.00	0.00
GCC	34	26.50	22.96	23.97	26.58	0.00	0.00
GCC	35	26.43	22.88	24.02	26.67	0.00	0.00
GCC	36	26.41	22.91	24.06	26.62	0.00	0.00
GCC	37	26.48	22.87	24.05	26.60	0.00	0.00
GCC	38	26.41	22.88	24.05	26.66	0.00	0.00
GCC	39	26.37	22.99	24.04	26.59	0.00	0.00
GCC	40	26.42	22.92	24.08	26.58	0.00	0.00
GCC	41	26.44	22.88	24.11	26.57	0.00	0.00
GCC	42	26.40	22.88	24.11	26.60	0.00	0.00
GCC	43	26.29	22.98	24.16	26.58	0.00	0.00
GCC	44	26.33	22.92	24.13	26.61	0.02	0.00
GCC	45	26.34	22.94	24.18	26.53	0.00	0.00
GCC	46	26.33	22.91	24.14	26.61	0.00	0.00
GCC	47	26.34	22.90	24.19	26.57	0.00	0.00
GCC	48	26.31	22.96	24.17	26.56	0.00	0.00
GCC	49	26.32	22.98	24.14	26.55	0.00	0.00
GCC	50	26.32	22.91	24.15	26.63	0.00	0.00
GCC	51	26.30	22.87	24.24	26.59	0.00	0.00
GCC	52	26.25	22.92	24.16	26.67	0.00	0.00
GCC	53	26.33	22.89	24.20	26.58	0.00	0.00
GCC	54	26.29	22.93	24.21	26.57	0.00	0.00
GCC	55	26.23	22.94	24.21	26.62	0.00	0.00
GCC	56	26.25	22.90	24.17	26.68	0.01	0.00
GCC	57	26.30	22.90	24.23	26.56	0.00	0.00
GCC	58	26.25	22.92	24.19	26.64	0.00	0.00
GCC	59	26.26	22.96	24.13	26.65	0.00	0.00
GCC	60	26.29	22.89	24.24	26.58	0.00	0.00
GCC	61	26.28	22.91	24.23	26.58	0.00	0.00
GCC	62	26.28	22.92	24.18	26.62	0.00	0.00
GCC	63	26.23	22.94	24.24	26.58	0.00	0.00
GCC	64	26.26	22.91	24.20	26.62	0.00	0.00
GCC	65	26.30	22.88	24.23	26.60	0.00	0.00
GCC	66	26.30	22.87	24.21	26.61	0.00	0.00
GCC	67	26.27	22.87	24.22	26.64	0.00	0.00
GCC	68	26.27	22.91	24.22	26.59	0.00	0.00
GCC	69	26.23	22.89	24.24	26.64	0.00	0.00
GCC	70	26.30	22.86	24.24	26.60	0.00	0.00
GCC	71	26.26	22.88	24.21	26.66	0.00	0.00
GCC	72	26.25	22.92	24.24	26.58	0.00	0.00
GCC	73	26.24	22.84	24.27	26.65	0.00	0.00
GCC	74	26.31	22.84	24.17	26.68	0.00	0.00
GCC	75	26.28	22.87	24.25	26.61	0.00	0.00
GCC	76	26.26	22.83	24.23	26.68	0.00	0.00
GCC	77	26.32	22.86	24.21	26.61	0.00	0.00
GCC	78	26.27	22.87	24.21	26.65	0.00	0.00
GCC	79	26.31	22.85	24.23	26.61	0.00	0.00
GCC	80	26.28	22.82	24.21	26.68	0.00	0.00
GCC	81	26.25	22.85	24.21	26.69	0.00	0.00
GCC	82	26.26	22.85	24.25	26.64	0.00	0.00
GCC	83	26.34	22.82	24.21	26.64	0.00	0.00
GCC	84	26.35	22.84	24.20	26.61	0.00	0.00
GCC	85	26.32	22.88	24.14	26.67	0.00	0.00
GCC	86	26.30	22.84	24.18	26.68	0.00	0.00
GCC	87	26.29	22.81	24.25	26.64	0.00	0.00
GCC	88	26.26	22.88	24.20	26.66	0.00	0.00
GCC	89	26.34	22.84	24.18	26.64	0.00	0.00
GCC	90	26.28	22.87	24.25	26.59	0.00	0.00
GCC	91	26.31	22.86	24.18	26.65	0.00	0.00
GCC	92	26.33	22.87	24.14	26.66	0.00	0.00
GCC	93	26.31	22.85	24.18	26.66	0.00	0.00
GCC	94	26.30	22.76	24.22	26.72	0.00	0.00
GCC	95	26.28	22.81	24.23	26.68	0.00	0.00
GCC	96	26.28	22.86	24.23	26.63	0.00	0.00
GCC	97	26.32	22.88	24.14	26.66	0.00	0.00
GCC	98	26.34	22.83	24.25	26.59	0.00	0.00
GCC	99	26.28	22.87	24.22	26.62	0.00	0.00
GCC	100	26.29	22.86	24.21	26.64	0.00	0.00
GCC	101	26.28	22.85	24.21	26.66	0.00	0.00
GCC	102	26.27	22.87	24.23	26.63	0.00	0.00
GCC	103	26.28	22.88	24.16	26.68	0.06	0.00
GCC	104	26.28	22.88	24.20	26.63	0.00	0.00
GCC	105	26.29	22.82	24.24	26.65	0.00	0.00
GCC	106	26.31	22.83	24.24	26.62	0.00	0.00
GCC	107	26.33	22.85	24.21	26.61	0.00	0.00
GCC	108	26.26	22.88	24.27	26.59	0.00	0.00
GCC	109	26.33	22.89	24.22	26.56	0.00	0.00
GCC	110	26.36	22.82	24.13	26.69	0.00	0.00
GCC	111	26.33	22.87	24.17	26.63	0.00	0.00
GCC	112	26.38	22.92	24.18	26.52	0.00	0.00
GCC	113	26.40	22.83	24.12	26.65	0.00	0.00
GCC	114	26.30	22.87	24.22	26.61	0.00	0.00
GCC	115	26.34	22.84	24.16	26.66	0.03	0.00
GCC	116	26.39	22.85	24.15	26.60	0.00	0.00
GCC	117	26.37	22.87	24.21	26.54	0.00	0.00
GCC	118	26.27	22.88	24.14	26.71	0.00	0.00
GCC	119	26.35	22.89	24.13	26.63	0.00	0.00
GCC	120	26.35	22.91	24.10	26.64	0.00	0.00
GCC	121	26.33	22.87	24.16	26.64	0.00	0.00
GCC	122	26.39	22.85	24.16	26.60	0.00	0.00
GCC	123	26.45	22.86	24.08	26.61	0.00	0.00
GCC	124	26.40	22.90	24.07	26.63	0.00	0.00
GCC	125	26.41	22.88	24.08	26.63	0.00	0.00
GCC	126	26.33	22.89	24.12	26.66	0.00	0.00
GCC	127	26.38	22.91	24.12	26.59	0.00	0.00
GCC	128	26.42	22.86	24.07	26.64	0.00	0.00
GCC	129	26.41	22.90	24.08	26.61	0.02	0.00
GCC	130	26.42	22.88	24.07	26.62	0.00	0.00
GCC	131	26.43	22.85	24.11	26.61	0.00	0.00
GCC	132	26.35	22.97	24.07	26.61	0.00	0.00
GCC	133	26.46	22.87	24.07	26.60	0.00	0.00
GCC	134	26.43	22.94	24.02	26.61	0.00	0.00
GCC	135	26.43	22.92	24.06	26.59	0.00	0.00
GCC	136	26.44	22.90	24.04	26.61	0.00	0.00
GCC	137	26.43	22.92	24.04	26.61	0.00	0.00
GCC	138	26.38	22.94	24.09	26.58	0.22	0.00
GCC	139	26.47	22.86	24.06	26.61	0.00	0.00
GCC	140	26.42	22.82	24.11	26.65	0.00	0.00
GCC	141	26.47	22.85	24.05	26.64	0.00	0.00
GCC	142	26.44	22.93	24.01	26.62	0.00	0.00
GCC	143	26.45	22.87	24.06	26.62	0.00	0.00
GCC	144	26.47	22.93	24.03	26.57	0.00	0.00
GCC	145	26.53	22.83	24.02	26.62	0.00	0.00
GCC	146	26.45	22.98	24.03	26.54	0.00	0.00
GCC	147	26.57	22.80	23.99	26.63	0.00	0.00
GCC	148	26.49	22.91	24.06	26.54	0.00	0.00
GCC	149	26.48	22.84	24.07	26.62	0.06	0.00
GCC	150	26.54	22.91	23.95	26.61	0.00	0.00
# ACGT content per cycle, read oriented. Use `grep ^GCT | cut -f 2-` to extract this part. The columns are: cycle; A,C,G,T base counts as a percentage of all A/C/G/T bases [%]
GCT	1	29.79	21.91	22.14	26.16
GCT	2	28.75	20.25	23.34	27.67
GCT	3	28.20	21.55	23.65	26.59
GCT	4	27.10	22.80	24.22	25.88
GCT	5	27.04	23.10	23.93	25.93
GCT	6	26.68	23.53	23.63	26.17
GCT	7	27.04	23.20	23.79	25.96
GCT	8	26.80	23.40	23.13	26.67
GCT	9	26.79	23.36	23.15	26.70
GCT	10	27.02	23.09	23.17	26.73
GCT	11	27.04	22.98	23.14	26.83
GCT	12	27.01	23.16	22.99	26.84
GCT	13	27.09	23.08	22.92	26.92
GCT	14	26.94	23.05	23.02	27.00
GCT	15	26.88	23.15	23.03	26.93
GCT	16	26.79	23.16	23.10	26.95
GCT	17	26.72	23.19	23.21	26.88
GCT	18	26.61	23.40	23.05	26.94
GCT	19	26.68	23.35	23.14	26.82
GCT	20	26.72	23.23	23.14	26.91
GCT	21	26.76	23.26	23.25	26.72
GCT	22	26.76	23.29	23.27	26.68
GCT	23	26.79	23.20	23.32	26.69
GCT	24	26.70	23.39	23.33	26.59
GCT	25	26.73	23.36	23.31	26.60
GCT	26	26.75	23.30	23.36	26.59
GCT	27	26.69	23.42	23.33	26.56
GCT	28	26.69	23.46	23.37	26.48
GCT	29	26.72	23.33	23.43	26.52
GCT	30	26.67	23.42	23.39	26.52
GCT	31	26.71	23.35	23.49	26.45
GCT	32	26.64	23.43	23.47	26.46
GCT	33	26.67	23.46	23.44	26.42
GCT	34	26.72	23.44	23.48	26.36
GCT	35	26.64	23.42	23.48	26.46
GCT	36	26.63	23.49	23.49	26.40
GCT	37	26.65	23.43	23.49	26.43
GCT	38	26.66	23.43	23.50	26.41
GCT	39	26.56	23.52	23.52	26.40
GCT	40	26.59	23.50	23.50	26.41
GCT	41	26.63	23.46	23.53	26.38
GCT	42	26.62	23.49	23.51	26.38
GCT	43	26.53	23.50	23.64	26.34
GCT	44	26.60	23.54	23.51	26.34
GCT	45	26.48	23.62	23.50	26.40
GCT	46	26.53	23.57	23.48	26.42
GCT	47	26.54	23.53	23.57	26.37
GCT	48	26.52	23.57	23.56	26.34
GCT	49	26.56	23.57	23.55	26.32
GCT	50	26.59	23.57	23.48	26.36
GCT	51	26.51	23.58	23.52	26.38
GCT	52	26.52	23.50	23.59	26.40
GCT	53	26.53	23.52	23.57	26.38
GCT	54	26.46	23.58	23.56	26.40
GCT	55	26.47	23.53	23.62	26.38
GCT	56	26.53	23.52	23.55	26.39
GCT	57	26.46	23.61	23.53	26.41
GCT	58	26.47	23.55	23.56	26.42
GCT	59	26.51	23.56	23.53	26.40
GCT	60	26.50	23.59	23.53	26.37
GCT	61	26.48	23.61	23.53	26.39
GCT	62	26.50	23.63	23.47	26.40
GCT	63	26.43	23.62	23.57	26.39
GCT	64	26.52	23.59	23.52	26.37
GCT	65	26.47	23.57	23.53	26.43
GCT	66	26.47	23.61	23.47	26.45
GCT	67	26.48	23.56	23.53	26.43
GCT	68	26.46	23.60	23.53	26.41
GCT	69	26.42	23.65	23.49	26.44
GCT	70	26.52	23.60	23.50	26.38
GCT	71	26.58	23.55	23.53	26.34
GCT	72	26.40	23.64	23.52	26.43
GCT	73	26.48	23.60	23.51	26.41
GCT	74	26.48	23.54	23.48	26.50
GCT	75	26.43	23.59	23.53	26.45
GCT	76	26.48	23.59	23.46	26.47
GCT	77	26.46	23.55	23.52	26.47
GCT	78	26.45	23.57	23.52	26.47
GCT	79	26.47	23.54	23.54	26.45
GCT	80	26.52	23.54	23.50	26.44
GCT	81	26.49	23.56	23.50	26.45
GCT	82	26.45	23.58	23.52	26.45
GCT	83	26.48	23.54	23.49	26.50
GCT	84	26.49	23.59	23.45	26.47
GCT	85	26.50	23.55	23.46	26.49
GCT	86	26.45	23.58	23.44	26.52
GCT	87	26.38	23.64	23.42	26.56
GCT	88	26.43	23.63	23.46	26.49
GCT	89	26.40	23.58	23.44	26.59
GCT	90	26.37	23.64	23.48	26.50
GCT	91	26.41	23.62	23.42	26.56
GCT	92	26.41	23.61	23.41	26.58
GCT	93	26.37	23.63	23.40	26.59
GCT	94	26.40	23.57	23.42	26.61
GCT	95	26.41	23.60	23.43	26.55
GCT	96	26.38	23.68	23.41	26.53
GCT	97	26.44	23.59	23.43	26.55
GCT	98	26.40	23.65	23.42	26.53
GCT	99	26.27	23.66	23.43	26.64
GCT	100	26.35	23.62	23.46	26.58
GCT	101	26.40	23.61	23.44	26.54
GCT	102	26.33	23.64	23.46	26.57
GCT	103	26.36	23.59	23.46	26.60
GCT	104	26.35	23.64	23.44	26.56
GCT	105	26.35	23.61	23.45	26.58
GCT	106	26.36	23.58	23.49	26.57
GCT	107	26.37	23.58	23.47	26.58
GCT	108	26.29	23.69	23.46	26.57
GCT	109	26.38	23.67	23.44	26.51
GCT	110	26.39	23.55	23.41	26.65
GCT	111	26.41	23.61	23.44	26.54
GCT	112	26.35	23.66	23.44	26.55
GCT	113	26.39	23.53	23.42	26.66
GCT	114	26.36	23.61	23.48	26.55
GCT	115	26.44	23.59	23.41	26.56
GCT	116	26.38	23.59	23.41	26.62
GCT	117	26.35	23.62	23.46	26.56
GCT	118	26.40	23.64	23.38	26.58
GCT	119	26.33	23.61	23.41	26.64
GCT	120	26.37	23.63	23.38	26.62
GCT	121	26.35	23.61	23.42	26.62
GCT	122	26.31	23.59	23.42	26.67
GCT	123	26.36	23.51	23.43	26.70
GCT	124	26.39	23.58	23.39	26.64
GCT	125	26.40	23.63	23.33	26.63
GCT	126	26.36	23.61	23.40	26.63
GCT	127	26.34	23.58	23.44	26.64
GCT	128	26.45	23.56	23.38	26.61
GCT	129	26.41	23.57	23.41	26.61
GCT	130	26.40	23.58	23.37	26.65
GCT	131	26.39	23.55	23.41	26.65
GCT	132	26.38	23.64	23.39	26.59
GCT	133	26.45	23.61	23.34	26.60
GCT	134	26.36	23.57	23.40	26.67
GCT	135	26.44	23.64	23.34	26.57
GCT	136	26.47	23.58	23.36	26.59
GCT	137	26.45	23.55	23.42	26.59
GCT	138	26.39	23.61	23.43	26.57
GCT	139	26.48	23.53	23.39	26.60
GCT	140	26.41	23.55	23.37	26.66
GCT	141	26.44	23.53	23.36	26.67
GCT	142	26.48	23.57	23.37	26.58
GCT	143	26.44	23.54	23.39	26.63
GCT	144	26.45	23.58	23.38	26.60
GCT	145	26.48	23.48	23.37	26.67
GCT	146	26.36	23.52	23.49	26.63
GCT	147	26.53	23.51	23.28	26.67
GCT	148	26.37	23.57	23.40	26.66
GCT	149	26.53	23.53	23.38	26.56
GCT	150	26.46	23.54	23.31	26.68
# ACGT content per cycle for first fragments. Use `grep ^FBC | cut -f 2-` to extract this part. The columns are: cycle; A,C,G,T base counts as a percentage of all A/C/G/T bases [%]; and N and O counts as a percentage of all A/C/G/T bases [%]
FBC	1	27.80	21.67	22.54	27.99	0.00	0.00
FBC	2	28.20	21.41	22.09	28.30	0.34	0.00
FBC	3	27.41	22.20	23.00	27.40	0.00	0.00
FBC	4	26.62	22.87	23.89	26.61	0.09	0.00
FBC	5	26.52	23.05	23.97	26.46	0.00	0.00
FBC	6	26.59	23.04	23.97	26.40	0.00	0.00
FBC	7	26.65	23.01	23.96	26.38	0.00	0.00
FBC	8	26.84	22.81	23.71	26.65	0.00	0.00
FBC	9	26.81	22.74	23.78	26.68	0.09	0.00
FBC	10	26.97	22.64	23.60	26.79	0.00	0.00
FBC	11	26.95	22.58	23.62	26.85	0.00	0.00
FBC	12	27.04	22.66	23.59	26.71	0.00	0.00
FBC	13	27.03	22.50	23.48	26.99	0.00	0.00
FBC	14	26.99	22.59	23.50	26.92	0.00	0.00
FBC	15	27.06	22.55	23.57	26.82	0.00	0.00
FBC	16	27.04	22.64	23.59	26.73	0.00	0.00
FBC	17	26.94	22.71	23.71	26.64	0.00	0.00
FBC	18	26.89	22.65	23.78	26.68	0.00	0.00
FBC	19	26.90	22.70	23.82	26.58	0.00	0.00
FBC	20	26.88	22.65	23.71	26.77	0.00	0.00
FBC	21	26.79	22.74	23.76	26.71	0.00	0.00
FBC	22	26.77	22.76	23.76	26.71	0.00	0.00
FBC	23	26.81	22.71	23.80	26.69	0.00	0.00
FBC	24	26.65	22.89	23.87	26.59	0.00	0.00
FBC	25	26.69	22.79	23.85	26.67	0.00	0.00
FBC	26	26.74	22.71	23.92	26.62	0.00	0.00
FBC	27	26.68	22.77	23.96	26.60	0.00	0.00
FBC	28	26.56	22.82	23.96	26.66	0.00	0.00
FBC	29	26.58	22.80	23.98	26.64	0.00	0.00
FBC	30	26.60	22.85	23.92	26.63	0.00	0.00
FBC	31	26.59	22.87	23.93	26.61	0.00	0.00
FBC	32	26.56	22.87	23.91	26.65	0.00	0.00
FBC	33	26.52	22.95	23.96	26.57	0.00	0.00
FBC	34	26.48	22.95	23.96	26.62	0.00	0.00
FBC	35	26.46	22.85	24.03	26.65	0.00	0.00
FBC	36	26.44	22.89	24.04	26.63	0.00	0.00
FBC	37	26.49	22.87	24.01	26.64	0.00	0.00
FBC	38	26.42	22.86	24.02	26.70	0.00	0.00
FBC	39	26.37	22.97	24.04	26.62	0.00	0.00
FBC	40	26.41	22.89	24.09	26.61	0.00	0.00
FBC	41	26.48	22.83	24.07	26.62	0.00	0.00
FBC	42	26.41	22.82	24.11	26.67	0.00	0.00
FBC	43	26.35	22.98	24.11	26.56	0.00	0.00
FBC	44	26.35	22.93	24.10	26.62	0.00	0.00
FBC	45	26.36	22.91	24.18	26.55	0.00	0.00
FBC	46	26.38	22.88	24.12	26.62	0.00	0.00
FBC	47	26.31	22.90	24.26	26.52	0.00	0.00
FBC	48	26.26	22.97	24.17	26.59	0.00	0.00
FBC	49	26.32	22.94	24.13	26.61	0.00	0.00
FBC	50	26.32	22.86	24.19	26.63	0.00	0.00
FBC	51	26.29	22.86	24.23	26.62	0.00	0.00
FBC	52	26.21	22.91	24.14	26.74	0.00	0.00
FBC	53	26.30	22.89	24.23	26.58	0.00	0.00
FBC	54	26.28	22.93	24.16	26.63	0.00	0.00
FBC	55	26.20	22.95	24.20	26.65	0.00	0.00
FBC	56	26.26	22.83	24.18	26.73	0.00	0.00
FBC	57	26.28	22.90	24.25	26.56	0.00	0.00
FBC	58	26.24	22.94	24.15	26.68	0.00	0.00
FBC	59	26.29	22.92	24.15	26.64	0.00	0.00
FBC	60	26.30	22.90	24.23	26.56	0.00	0.00
FBC	61	26.32	22.85	24.24	26.59	0.00	0.00
FBC	62	26.29	22.90	24.16	26.65	0.00	0.00
FBC	63	26.21	22.95	24.23	26.61	0.00	0.00
FBC	64	26.26	22.91	24.16	26.67	0.00	0.00
FBC	65	26.29	22.87	24.19	26.65	0.00	0.00
FBC	66	26.33	22.84	24.20	26.63	0.00	0.00
FBC	67	26.27	22.87	24.21	26.64	0.00	0.00
FBC	68	26.28	22.97	24.20	26.56	0.00	0.00
FBC	69	26.29	22.85	24.20	26.66	0.00	0.00
FBC	70	26.29	22.87	24.26	26.58	0.00	0.00
FBC	71	26.26	22.87	24.21	26.66	0.00	0.00
FBC	72	26.26	22.90	24.27	26.57	0.00	0.00
FBC	73	26.27	22.86	24.23	26.64	0.00	0.00
FBC	74	26.32	22.83	24.19	26.66	0.00	0.00
FBC	75	26.22	22.87	24.29	26.61	0.00	0.00
FBC	76	26.31	22.86	24.17	26.66	0.00	0.00
FBC	77	26.34	22.84	24.22	26.59	0.00	0.00
FBC	78	26.28	22.87	24.20	26.64	0.00	0.00
FBC	79	26.25	22.88	24.23	26.64	0.00	0.00
FBC	80	26.26	22.85	24.22	26.67	0.00	0.00
FBC	81	26.23	22.89	24.18	26.70	0.00	0.00
FBC	82	26.30	22.87	24.18	26.65	0.00	0.00
FBC	83	26.33	22.81	24.25	26.61	0.00	0.00
FBC	84	26.34	22.85	24.18	26.63	0.00	0.00
FBC	85	26.29	22.87	24.18	26.67	0.00	0.00
FBC	86	26.32	22.81	24.17	26.70	0.00	0.00
FBC	87	26.31	22.82	24.23	26.64	0.00	0.00
FBC	88	26.25	22.84	24.22	26.68	0.00	0.00
FBC	89	26.32	22.83	24.22	26.62	0.00	0.00
FBC	90	26.28	22.87	24.25	26.60	0.00	0.00
FBC	91	26.34	22.94	24.09	26.63	0.00	0.00
FBC	92	26.32	22.88	24.10	26.70	0.00	0.00
FBC	93	26.33	22.87	24.15	26.64	0.00	0.00
FBC	94	26.30	22.80	24.21	26.69	0.00	0.00
FBC	95	26.32	22.79	24.25	26.64	0.00	0.00
FBC	96	26.31	22.84	24.20	26.66	0.00	0.00
FBC	97	26.34	22.84	24.14	26.68	0.00	0.00
FBC	98	26.28	22.82	24.31	26.58	0.00	0.00
FBC	99	26.28	22.90	24.21	26.60	0.00	0.00
FBC	100	26.28	22.83	24.21	26.68	0.00	0.00
FBC	101	26.28	22.84	24.21	26.67	0.00	0.00
FBC	102	26.31	22.91	24.17	26.61	0.00	0.00
FBC	103	26.24	22.94	24.17	26.65	0.12	0.00
FBC	104	26.31	22.92	24.20	26.57	0.00	0.00
FBC	105	26.29	22.84	24.23	26.64	0.00	0.00
FBC	106	26.31	22.79	24.24	26.65	0.00	0.00
FBC	107	26.30	22.93	24.17	26.59	0.00	0.00
FBC	108	26.27	22.89	24.28	26.56	0.00	0.00
FBC	109	26.33	22.87	24.22	26.58	0.00	0.00
FBC	110	26.34	22.82	24.16	26.68	0.00	0.00
FBC	111	26.31	22.87	24.20	26.62	0.00	0.00
FBC	112	26.40	22.93	24.18	26.49	0.00	0.00
FBC	113	26.40	22.78	24.16	26.66	0.00	0.00
FBC	114	26.27	22.93	24.21	26.59	0.00	0.00
FBC	115	26.36	22.85	24.12	26.67	0.06	0.00
FBC	116	26.44	22.88	24.10	26.58	0.00	0.00
FBC	117	26.36	22.90	24.18	26.56	0.00	0.00
FBC	118	26.31	22.87	24.12	26.70	0.00	0.00
FBC	119	26.34	22.92	24.16	26.59	0.00	0.00
FBC	120	26.35	22.93	24.03	26.68	0.00	0.00
FBC	121	26.31	22.94	24.14	26.60	0.00	0.00
FBC	122	26.35	22.88	24.14	26.64	0.00	0.00
FBC	123	26.46	22.87	24.05	26.62	0.00	0.00
FBC	124	26.40	22.90	24.06	26.65	0.00	0.00
FBC	125	26.41	22.88	24.09	26.62	0.00	0.00
FBC	126	26.36	22.92	24.07	26.65	0.00	0.00
FBC	127	26.38	22.94	24.10	26.58	0.00	0.00
FBC	128	26.39	22.90	24.04	26.67	0.00	0.00
FBC	129	26.44	22.89	24.07	26.60	0.01	0.00
FBC	130	26.39	22.94	24.06	26.60	0.00	0.00
FBC	131	26.44	22.90	24.05	26.61	0.00	0.00
FBC	132	26.36	22.94	24.09	26.60	0.00	0.00
FBC	133	26.42	22.91	24.10	26.57	0.00	0.00
FBC	134	26.43	22.95	24.07	26.55	0.00	0.00
FBC	135	26.46	22.91	24.02	26.61	0.00	0.00
FBC	136	26.39	22.85	24.06	26.69	0.00	0.00
FBC	137	26.35	22.97	24.08	26.60	0.00	0.00
FBC	138	26.38	22.96	24.10	26.56	0.44	0.00
FBC	139	26.47	22.83	24.05	26.64	0.00	0.00
FBC	140	26.35	22.87	24.16	26.63	0.00	0.00
FBC	141	26.45	22.83	24.05	26.66	0.00	0.00
FBC	142	26.40	22.95	24.03	26.63	0.00	0.00
FBC	143	26.45	22.94	24.04	26.57	0.00	0.00
FBC	144	26.39	22.94	24.11	26.56	0.00	0.00
FBC	145	26.47	22.88	23.98	26.66	0.00	0.00
FBC	146	26.42	22.95	24.04	26.58	0.00	0.00
FBC	147	26.57	22.81	23.97	26.65	0.00	0.00
FBC	148	26.49	22.91	24.07	26.54	0.00	0.00
FBC	149	26.51	22.85	24.07	26.57	0.11	0.00
FBC	150	26.59	22.91	23.85	26.65	0.00	0.00
# ACGT raw counters for first fragments. Use `grep ^FTC | cut -f 2-` to extract this part. The columns are: A,C,G,T,N base counters
FTC	37978058	32778857	34510242	38265987	11856
# ACGT content per cycle for last fragments. Use `grep ^LBC | cut -f 2-` to extract this part. The columns are: cycle; A,C,G,T base counts as a percentage of all A/C/G/T bases [%]; and N and O counts as a percentage of all A/C/G/T bases [%]
LBC	1	27.97	21.69	22.21	28.13	0.21	0.00
LBC	2	28.15	21.45	22.22	28.18	0.15	0.00
LBC	3	27.43	22.14	23.07	27.36	0.00	0.00
LBC	4	26.41	23.27	24.00	26.32	0.00	0.00
LBC	5	26.54	23.05	23.98	26.43	0.00	0.00
LBC	6	26.35	23.23	24.07	26.34	0.00	0.00
LBC	7	26.54	23.11	23.91	26.44	0.00	0.00
LBC	8	26.74	22.82	23.73	26.71	0.01	0.00
LBC	9	26.85	22.86	23.64	26.65	0.00	0.00
LBC	10	26.99	22.71	23.57	26.74	0.00	0.00
LBC	11	27.05	22.55	23.50	26.90	0.00	0.00
LBC	12	26.97	22.57	23.48	26.98	0.00	0.00
LBC	13	27.13	22.51	23.49	26.87	0.00	0.00
LBC	14	27.01	22.52	23.51	26.95	0.00	0.00
LBC	15	26.97	22.58	23.68	26.77	0.00	0.00
LBC	16	26.93	22.64	23.65	26.78	0.00	0.00
LBC	17	26.94	22.73	23.65	26.68	0.00	0.00
LBC	18	26.84	22.71	23.76	26.68	0.00	0.00
LBC	19	26.86	22.71	23.76	26.67	0.00	0.00
LBC	20	26.83	22.67	23.71	26.78	0.00	0.00
LBC	21	26.75	22.76	23.77	26.72	0.00	0.00
LBC	22	26.74	22.81	23.79	26.66	0.00	0.00
LBC	23	26.78	22.76	23.78	26.68	0.00	0.00
LBC	24	26.69	22.80	23.86	26.65	0.00	0.00
LBC	25	26.72	22.84	23.86	26.59	0.00	0.00
LBC	26	26.75	22.76	23.93	26.56	0.00	0.00
LBC	27	26.64	22.78	24.00	26.59	0.00	0.00
LBC	28	26.57	22.88	23.99	26.56	0.00	0.00
LBC	29	26.68	22.82	23.90	26.60	0.00	0.00
LBC	30	26.57	22.90	23.94	26.58	0.00	0.00
LBC	31	26.55	22.94	23.94	26.57	0.00	0.00
LBC	32	26.39	23.03	23.97	26.61	0.00	0.00
LBC	33	26.50	22.91	23.99	26.61	0.00	0.00
LBC	34	26.52	22.96	23.98	26.55	0.00	0.00
LBC	35	26.40	22.91	24.01	26.68	0.00	0.00
LBC	36	26.38	22.93	24.08	26.61	0.00	0.00
LBC	37	26.48	22.88	24.08	26.56	0.00	0.00
LBC	38	26.40	22.91	24.08	26.62	0.00	0.00
LBC	39	26.38	23.02	24.04	26.57	0.00	0.00
LBC	40	26.43	22.95	24.07	26.55	0.00	0.00
LBC	41	26.40	22.93	24.14	26.53	0.00	0.00
LBC	42	26.39	22.95	24.12	26.54	0.00	0.00
LBC	43	26.23	22.97	24.20	26.60	0.01	0.00
LBC	44	26.32	22.91	24.17	26.61	0.04	0.00
LBC	45	26.32	22.98	24.18	26.52	0.00	0.00
LBC	46	26.28	22.95	24.17	26.61	0.00	0.00
LBC	47	26.36	22.90	24.12	26.61	0.00	0.00
LBC	48	26.35	22.94	24.18	26.53	0.00	0.00
LBC	49	26.33	23.02	24.15	26.50	0.00	0.00
LBC	50	26.32	22.95	24.11	26.62	0.00	0.00
LBC	51	26.32	22.87	24.24	26.57	0.00	0.00
LBC	52	26.28	22.93	24.19	26.60	0.00	0.00
LBC	53	26.36	22.88	24.18	26.57	0.00	0.00
LBC	54	26.29	22.94	24.26	26.51	0.00	0.00
LBC	55	26.27	22.93	24.21	26.58	0.01	0.00
LBC	56	26.24	22.97	24.17	26.62	0.02	0.00
LBC	57	26.33	22.90	24.20	26.57	0.00	0.00
LBC	58	26.27	22.90	24.23	26.59	0.00	0.00
LBC	59	26.23	23.01	24.11	26.65	0.00	0.00
LBC	60	26.28	22.87	24.25	26.60	0.00	0.00
LBC	61	26.25	22.97	24.21	26.58	0.00	0.00
LBC	62	26.26	22.94	24.19	26.60	0.00	0.00
LBC	63	26.25	22.94	24.25	26.56	0.00	0.00
LBC	64	26.27	22.91	24.25	26.58	0.00	0.00
LBC	65	26.30	22.88	24.26	26.56	0.00	0.00
LBC	66	26.28	22.90	24.22	26.60	0.00	0.00
LBC	67	26.28	22.87	24.22	26.63	0.00	0.00
LBC	68	26.27	22.86	24.25	26.63	0.00	0.00
LBC	69	26.17	22.93	24.29	26.61	0.00	0.00
LBC	70	26.30	22.85	24.22	26.62	0.00	0.00
LBC	71	26.25	22.89	24.20	26.66	0.00	0.00
LBC	72	26.25	22.94	24.22	26.60	0.00	0.00
LBC	73	26.20	22.82	24.31	26.67	0.00	0.00
LBC	74	26.29	22.86	24.15	26.70	0.00	0.00
LBC	75	26.33	22.86	24.21	26.60	0.00	0.00
LBC	76	26.22	22.80	24.28	26.70	0.00	0.00
LBC	77	26.30	22.88	24.19	26.63	0.00	0.00
LBC	78	26.26	22.88	24.21	26.65	0.00	0.00
LBC	79	26.38	22.82	24.23	26.57	0.00	0.00
LBC	80	26.30	22.80	24.21	26.69	0.00	0.00
LBC	81	26.27	22.80	24.24	26.68	0.00	0.00
LBC	82	26.23	22.83	24.32	26.62	0.00	0.00
LBC	83	26.35	22.82	24.16	26.66	0.00	0.00
LBC	84	26.36	22.83	24.22	26.60	0.00	0.00
LBC	85	26.35	22.88	24.10	26.68	0.00	0.00
LBC	86	26.28	22.87	24.19	26.66	0.00	0.00
LBC	87	26.27	22.81	24.28	26.65	0.00	0.00
LBC	88	26.26	22.92	24.18	26.63	0.00	0.00
LBC	89	26.36	22.85	24.13	26.66	0.00	0.00
LBC	90	26.28	22.88	24.26	26.58	0.00	0.00
LBC	91	26.29	22.78	24.26	26.66	0.00	0.00
LBC	92	26.33	22.86	24.18	26.62	0.00	0.00
LBC	93	26.28	22.84	24.21	26.67	0.00	0.00
LBC	94	26.30	22.73	24.23	26.74	0.00	0.00
LBC	95	26.23	22.82	24.21	26.73	0.00	0.00
LBC	96	26.26	22.88	24.26	26.60	0.00	0.00
LBC	97	26.31	22.91	24.13	26.65	0.00	0.00
LBC	98	26.39	22.83	24.18	26.60	0.00	0.00
LBC	99	26.28	22.84	24.23	26.65	0.00	0.00
LBC	100	26.29	22.90	24.21	26.59	0.00	0.00
LBC	101	26.28	22.85	24.21	26.66	0.00	0.00
LBC	102	26.22	22.84	24.29	26.65	0.00	0.00
LBC	103	26.32	22.82	24.15	26.71	0.00	0.00
LBC	104	26.26	22.85	24.21	26.69	0.00	0.00
LBC	105	26.29	22.81	24.25	26.66	0.00	0.00
LBC	106	26.30	22.88	24.23	26.59	0.00	0.00
LBC	107	26.36	22.77	24.24	26.63	0.00	0.00
LBC	108	26.26	22.87	24.26	26.62	0.00	0.00
LBC	109	26.33	22.91	24.22	26.54	0.00	0.00
LBC	110	26.38	22.83	24.10	26.70	0.00	0.00
LBC	111	26.34	22.87	24.15	26.64	0.00	0.00
LBC	112	26.37	22.90	24.18	26.55	0.00	0.00
LBC	113	26.40	22.87	24.09	26.64	0.00	0.00
LBC	114	26.32	22.82	24.22	26.64	0.00	0.00
LBC	115	26.31	22.83	24.21	26.65	0.00	0.00
LBC	116	26.34	22.83	24.20	26.62	0.00	0.00
LBC	117	26.38	22.85	24.24	26.53	0.00	0.00
LBC	118	26.24	22.90	24.15	26.72	0.00	0.00
LBC	119	26.36	22.86	24.11	26.67	0.01	0.00
LBC	120	26.35	22.89	24.16	26.60	0.00	0.00
LBC	121	26.35	22.80	24.18	26.67	0.00	0.00
LBC	122	26.44	22.83	24.18	26.55	0.01	0.00
LBC	123	26.43	22.85	24.12	26.61	0.00	0.00
LBC	124	26.41	22.90	24.08	26.61	0.00	0.00
LBC	125	26.40	22.89	24.07	26.64	0.00	0.00
LBC	126	26.31	22.87	24.16	26.66	0.00	0.00
LBC	127	26.39	22.87	24.13	26.61	0.00	0.00
LBC	128	26.45	22.83	24.11	26.61	0.00	0.00
LBC	129	26.38	22.91	24.10	26.61	0.02	0.00
LBC	130	26.45	22.82	24.09	26.64	0.00	0.00
LBC	131	26.41	22.80	24.18	26.62	0.00	0.00
LBC	132	26.35	22.99	24.04	26.62	0.00	0.00
LBC	133	26.50	22.84	24.04	26.62	0.00	0.00
LBC	134	26.42	22.93	23.98	26.66	0.00	0.00
LBC	135	26.39	22.93	24.11	26.57	0.00	0.00
LBC	136	26.48	22.96	24.03	26.54	0.00	0.00
LBC	137	26.50	22.87	24.01	26.61	0.00	0.00
LBC	138	26.39	22.93	24.08	26.60	0.00	0.00
LBC	139	26.46	22.88	24.07	26.59	0.00	0.00
LBC	140	26.49	22.76	24.07	26.67	0.00	0.00
LBC	141	26.48	22.86	24.04	26.61	0.00	0.00
LBC	142	26.49	22.92	23.98	26.61	0.00	0.00
LBC	143	26.46	22.79	24.08	26.66	0.00	0.00
LBC	144	26.56	22.92	23.94	26.58	0.00	0.00
LBC	145	26.58	22.78	24.06	26.58	0.00	0.00
LBC	146	26.48	23.00	24.03	26.49	0.00	0.00
LBC	147	26.57	22.80	24.01	26.62	0.01	0.00
LBC	148	26.50	22.91	24.06	26.53	0.00	0.00
LBC	149	26.45	22.82	24.07	26.66	0.01	0.00
LBC	150	26.49	22.91	24.04	26.56	0.00	0.00
# ACGT raw counters for last fragments. Use `grep ^LTC | cut -f 2-` to extract this part. The columns are: A,C,G,T,N base counters
LTC	37947561	32766321	34502415	38226957	4919
# Insert sizes. Use `grep ^IS | cut -f 2-` to extract this part. The columns are: insert size, pairs total, inward oriented pairs, outward oriented pairs, other pairs
IS	0	0	0	0	0
IS	1	0	0	0	0
IS	2	0	0	0	0
IS	3	1	0	1	0
IS	4	1	0	1	0
IS	5	1	0	1	0
IS	6	0	0	0	0
IS	7	0	0	0	0
IS	8	0	0	0	0
IS	9	0	0	0	0
IS	10	0	0	0	0
IS	11	0	0	0	0
IS	12	1	0	1	0
IS	13	0	0	0	0
IS	14	0	0	0	0
IS	15	0	0	0	0
IS	16	0	0	0	0
IS	17	0	0	0	0
IS	18	0	0	0	0
IS	19	0	0	0	0
IS	20	1	1	0	0
IS	21	0	0	0	0
IS	22	0	0	0	0
IS	23	1	1	0	0
IS	24	2	2	0	0
IS	25	1	1	0	0
IS	26	0	0	0	0
IS	27	2	1	1	0
IS	28	0	0	0	0
IS	29	0	0	0	0
IS	30	0	0	0	0
IS	31	0	0	0	0
IS	32	0	0	0	0
IS	33	1	0	1	0
IS	34	1	1	0	0
IS	35	0	0	0	0
IS	36	1	1	0	0
IS	37	1	1	0	0
IS	38	0	0	0	0
IS	39	3	3	0	0
IS	40	1	1	0	0
IS	41	1	1	0	0
IS	42	0	0	0	0
IS	43	0	0	0	0
IS	44	0	0	0	0
IS	45	2	1	1	0
IS	46	3	3	0	0
IS	47	1	1	0	0
IS	48	3	3	0	0
IS	49	1	1	0	0
IS	50	3	3	0	0
IS	51	3	3	0	0
IS	52	3	2	1	0
IS	53	6	6	0	0
IS	54	1	1	0	0
IS	55	6	4	2	0
IS	56	5	4	1	0
IS	57	2	2	0	0
IS	58	8	8	0	0
IS	59	6	5	1	0
IS	60	4	4	0	0
IS	61	7	7	0	0
IS	62	8	8	0	0
IS	63	13	13	0	0
IS	64	8	8	0	0
IS	65	13	12	1	0
IS	66	18	18	0	0
IS	67	19	19	0	0
IS	68	22	21	1	0
IS	69	28	27	1	0
IS	70	22	21	1	0
IS	71	31	29	2	0
IS	72	34	34	0	0
IS	73	33	32	1	0
IS	74	36	35	1	0
IS	75	54	54	0	0
IS	76	48	48	0	0
IS	77	63	62	1	0
IS	78	59	59	0	0
IS	79	75	75	0	0
IS	80	86	83	3	0
IS	81	86	85	1	0
IS	82	101	101	0	0
IS	83	132	130	2	0
IS	84	119	117	2	0
IS	85	138	136	2	0
IS	86	213	210	3	0
IS	87	191	187	4	0
IS	88	217	214	3	0
IS	89	224	224	0	0
IS	90	245	245	0	0
IS	91	310	304	6	0
IS	92	313	313	0	0
IS	93	330	327	3	0
IS	94	366	363	3	0
IS	95	394	390	4	0
IS	96	433	430	3	0
IS	97	457	455	2	0
IS	98	558	554	4	0
IS	99	582	579	3	0
IS	100	615	612	3	0
IS	101	650	645	5	0
IS	102	730	727	3	0
IS	103	812	807	5	0
IS	104	801	795	6	0
IS	105	955	952	3	0
IS	106	1001	994	7	0
IS	107	1015	1009	6	0
IS	108	1154	1150	4	0
IS	109	1275	1267	8	0
IS	110	1326	1322	4	0
IS	111	1433	1424	9	0
IS	112	1474	1469	5	0
IS	113	1620	1617	3	0
IS	114	1685	1678	7	0
IS	115	1906	1901	5	0
IS	116	1982	1975	7	0
IS	117	1976	1974	2	0
IS	118	1998	1991	7	0
IS	119	2192	2183	9	0
IS	120	2346	2338	8	0
IS	121	2447	2441	6	0
IS	122	2591	2586	5	0
IS	123	2714	2702	12	0
IS	124	2833	2825	8	0
IS	125	2828	2815	13	0
IS	126	3089	3078	11	0
IS	127	3124	3122	2	0
IS	128	3190	3180	10	0
IS	129	3449	3433	16	0
IS	130	3520	3509	11	0
IS	131	3557	3549	8	0
IS	132	3737	3731	6	0
IS	133	3802	3790	12	0
IS	134	4058	4053	5	0
IS	135	4080	4075	5	0
IS	136	4209	4195	14	0
IS	137	4303	4292	11	0
IS	138	4484	4472	12	0
IS	139	4547	4527	20	0
IS	140	4692	4681	11	0
IS	141	4672	4667	5	0
IS	142	4948	4939	9	0
IS	143	4853	4835	18	0
IS	144	4984	4972	12	0
IS	145	5060	5044	16	0
IS	146	5326	5314	12	0
IS	147	5449	5431	18	0
IS	148	5557	5535	22	0
IS	149	5577	5544	33	0
IS	150	5754	5751	3	0
IS	151	5873	5873	0	0
IS	152	5830	5830	0	0
IS	153	5845	5844	1	0
IS	154	5961	5961	0	0
IS	155	6051	6051	0	0
IS	156	6218	6217	1	0
IS	157	6201	6201	0	0
IS	158	6260	6260	0	0
IS	159	6294	6294	0	0
IS	160	6309	6309	0	0
IS	161	6380	6380	0	0
IS	162	6446	6446	0	0
IS	163	6585	6585	0	0
IS	164	6637	6637	0	0
IS	165	6706	6706	0	0
IS	166	6646	6646	0	0
IS	167	6667	6667	0	0
IS	168	6685	6685	0	0
IS	169	6855	6855	0	0
IS	170	7027	7027	0	0
IS	171	6891	6891	0	0
IS	172	6953	6953	0	0
IS	173	6824	6823	1	0
IS	174	6920	6920	0	0
IS	175	6854	6854	0	0
IS	176	6798	6798	0	0
IS	177	6923	6923	0	0
IS	178	6851	6851	0	0
IS	179	6903	6903	0	0
IS	180	6853	6853	0	0
IS	181	6997	6997	0	0
IS	182	7152	7152	0	0
IS	183	7069	7069	0	0
IS	184	6830	6830	0	0
IS	185	6946	6946	0	0
IS	186	6946	6946	0	0
IS	187	6681	6681	0	0
IS	188	6882	6882	0	0
IS	189	6837	6837	0	0
IS	190	6913	6913	0	0
IS	191	6810	6810	0	0
IS	192	6991	6991	0	0
IS	193	6842	6842	0	0
IS	194	6791	6791	0	0
IS	195	6550	6550	0	0
IS	196	6603	6603	0	0
IS	197	6722	6722	0	0
IS	198	6601	6601	0	0
IS	199	6462	6462	0	0
IS	200	6488	6488	0	0
IS	201	6549	6549	0	0
IS	202	6260	6260	0	0
IS	203	6387	6387	0	0
IS	204	6290	6290	0	0
IS	205	6205	6205	0	0
IS	206	6237	6237	0	0
IS	207	6167	6167	0	0
IS	208	6170	6170	0	0
IS	209	6156	6156	0	0
IS	210	6181	6181	0	0
IS	211	6055	6055	0	0
IS	212	5973	5973	0	0
IS	213	5962	5962	0	0
IS	214	5890	5890	0	0
IS	215	5830	5830	0	0
IS	216	5734	5734	0	0
IS	217	5601	5601	0	0
IS	218	5663	5663	0	0
IS	219	5710	5710	0	0
IS	220	5588	5588	0	0
IS	221	5543	5543	0	0
IS	222	5434	5434	0	0
IS	223	5375	5375	0	0
IS	224	5203	5203	0	0
IS	225	5167	5167	0	0
IS	226	5228	5228	0	0
IS	227	4977	4977	0	0
IS	228	5122	5122	0	0
IS	229	4972	4972	0	0
IS	230	5033	5033	0	0
IS	231	4888	4888	0	0
IS	232	4918	4918	0	0
IS	233	4675	4675	0	0
IS	234	4741	4741	0	0
IS	235	4542	4542	0	0
IS	236	4653	4653	0	0
IS	237	4476	4476	0	0
IS	238	4398	4398	0	0
IS	239	4362	4362	0	0
IS	240	4329	4329	0	0
IS	241	4290	4290	0	0
IS	242	4181	4181	0	0
IS	243	4169	4169	0	0
IS	244	4118	4118	0	0
IS	245	4117	4117	0	0
IS	246	3991	3991	0	0
IS	247	4013	4013	0	0
IS	248	3832	3832	0	0
IS	249	3871	3871	0	0
IS	250	3790	3790	0	0
IS	251	3668	3668	0	0
IS	252	3610	3610	0	0
IS	253	3726	3726	0	0
IS	254	3547	3547	0	0
IS	255	3479	3479	0	0
IS	256	3524	3524	0	0
IS	257	3387	3387	0	0
IS	258	3240	3240	0	0
IS	259	3315	3315	0	0
IS	260	3290	3290	0	0
IS	261	3226	3226	0	0
IS	262	3170	3170	0	0
IS	263	3040	3040	0	0
IS	264	3182	3182	0	0
IS	265	3089	3089	0	0
IS	266	2966	2966	0	0
IS	267	2951	2951	0	0
IS	268	2913	2913	0	0
IS	269	2810	2810	0	0
IS	270	2860	2860	0	0
IS	271	2691	2691	0	0
IS	272	2726	2726	0	0
IS	273	2775	2775	0	0
IS	274	2638	2638	0	0
IS	275	2569	2569	0	0
IS	276	2499	2499	0	0
IS	277	2514	2514	0	0
IS	278	2418	2418	0	0
IS	279	2408	2408	0	0
IS	280	2479	2479	0	0
IS	281	2392	2392	0	0
IS	282	2242	2242	0	0
IS	283	2301	2301	0	0
IS	284	2214	2214	0	0
IS	285	2222	2222	0	0
IS	286	2203	2203	0	0
IS	287	2094	2094	0	0
IS	288	2172	2172	0	0
IS	289	1932	1932	0	0
IS	290	2011	2011	0	0
IS	291	2066	2066	0	0
IS	292	1966	1966	0	0
IS	293	1925	1925	0	0
IS	294	1830	1830	0	0
IS	295	1849	1849	0	0
IS	296	1813	1813	0	0
IS	297	1716	1716	0	0
IS	298	1753	1753	0	0
IS	299	1698	1698	0	0
IS	300	1718	1718	0	0
IS	301	1640	1640	0	0
IS	302	1688	1688	0	0
IS	303	1665	1665	0	0
IS	304	1594	1594	0	0
IS	305	1552	1552	0	0
IS	306	1603	1603	0	0
IS	307	1511	1511	0	0
IS	308	1541	1541	0	0
IS	309	1421	1421	0	0
IS	310	1399	1399	0	0
IS	311	1409	1409	0	0
IS	312	1333	1333	0	0
IS	313	1320	1320	0	0
IS	314	1330	1330	0	0
IS	315	1348	1348	0	0
IS	316	1317	1317	0	0
IS	317	1276	1276	0	0
IS	318	1195	1195	0	0
IS	319	1198	1198	0	0
IS	320	1295	1295	0	0
IS	321	1198	1198	0	0
IS	322	1182	1182	0	0
IS	323	1197	1197	0	0
IS	324	1074	1074	0	0
IS	325	1097	1097	0	0
IS	326	1005	1005	0	0
IS	327	1089	1089	0	0
IS	328	1023	1023	0	0
IS	329	1040	1040	0	0
IS	330	989	989	0	0
IS	331	999	999	0	0
IS	332	985	985	0	0
IS	333	949	949	0	0
IS	334	957	957	0	0
IS	335	985	985	0	0
IS	336	959	959	0	0
IS	337	887	887	0	0
IS	338	904	904	0	0
IS	339	871	871	0	0
IS	340	886	886	0	0
IS	341	833	833	0	0
IS	342	816	816	0	0
IS	343	779	779	0	0
IS	344	809	809	0	0
IS	345	808	808	0	0
IS	346	751	751	0	0
IS	347	751	751	0	0
IS	348	702	702	0	0
IS	349	696	696	0	0
IS	350	731	731	0	0
IS	351	754	754	0	0
IS	352	615	615	0	0
IS	353	618	618	0	0
IS	354	671	671	0	0
IS	355	655	655	0	0
IS	356	625	625	0	0
IS	357	600	600	0	0
IS	358	620	620	0	0
IS	359	604	604	0	0
IS	360	549	549	0	0
IS	361	577	577	0	0
IS	362	573	573	0	0
IS	363	554	554	0	0
IS	364	540	540	0	0
IS	365	535	535	0	0
IS	366	529	529	0	0
IS	367	506	506	0	0
IS	368	514	514	0	0
IS	369	512	512	0	0
IS	370	475	475	0	0
IS	371	487	487	0	0
IS	372	476	476	0	0
IS	373	445	445	0	0
IS	374	491	491	0	0
IS	375	459	459	0	0
IS	376	453	453	0	0
IS	377	438	438	0	0
IS	378	436	436	0	0
IS	379	422	422	0	0
IS	380	377	377	0	0
IS	381	437	437	0	0
IS	382	365	365	0	0
IS	383	361	361	0	0
IS	384	382	382	0	0
IS	385	362	362	0	0
IS	386	359	359	0	0
IS	387	348	348	0	0
IS	388	309	309	0	0
IS	389	320	320	0	0
IS	390	369	369	0	0
IS	391	345	345	0	0
IS	392	286	286	0	0
IS	393	319	319	0	0
IS	394	306	306	0	0
IS	395	311	311	0	0
IS	396	306	306	0	0
IS	397	282	282	0	0
IS	398	312	312	0	0
IS	399	275	275	0	0
IS	400	277	277	0	0
IS	401	269	269	0	0
IS	402	267	267	0	0
IS	403	280	280	0	0
IS	404	262	262	0	0
IS	405	239	239	0	0
IS	406	237	237	0	0
IS	407	242	242	0	0
IS	408	246	246	0	0
IS	409	219	219	0	0
IS	410	261	261	0	0
IS	411	227	227	0	0
IS	412	211	211	0	0
IS	413	234	234	0	0
IS	414	201	201	0	0
IS	415	229	229	0	0
IS	416	230	230	0	0
IS	417	247	247	0	0
IS	418	202	202	0	0
IS	419	184	184	0	0
# Read lengths. Use `grep ^RL | cut -f 2-` to extract this part. The columns are: read length, count
RL	31	5
RL	32	4
RL	33	5
RL	34	11
RL	35	2
RL	36	9
RL	37	10
RL	38	2
RL	39	7
RL	40	5
RL	41	2
RL	42	3
RL	43	2
RL	44	5
RL	45	10
RL	46	11
RL	47	6
RL	48	3
RL	49	2
RL	50	8
RL	51	6
RL	52	5
RL	53	12
RL	54	2
RL	55	10
RL	56	13
RL	57	4
RL	58	10
RL	59	10
RL	60	7
RL	61	16
RL	62	21
RL	63	25
RL	64	16
RL	65	23
RL	66	31
RL	67	36
RL	68	39
RL	69	46
RL	70	50
RL	71	60
RL	72	61
RL	73	54
RL	74	69
RL	75	104
RL	76	94
RL	77	116
RL	78	122
RL	79	144
RL	80	178
RL	81	169
RL	82	205
RL	83	250
RL	84	230
RL	85	271
RL	86	408
RL	87	365
RL	88	430
RL	89	443
RL	90	484
RL	91	604
RL	92	618
RL	93	655
RL	94	729
RL	95	786
RL	96	838
RL	97	908
RL	98	1104
RL	99	1153
RL	100	1215
RL	101	1278
RL	102	1452
RL	103	1611
RL	104	1577
RL	105	1877
RL	106	1953
RL	107	2023
RL	108	2295
RL	109	2496
RL	110	2648
RL	111	2854
RL	112	2931
RL	113	3217
RL	114	3374
RL	115	3796
RL	116	3926
RL	117	3987
RL	118	3952
RL	119	4342
RL	120	4698
RL	121	4860
RL	122	5160
RL	123	5391
RL	124	5668
RL	125	5595
RL	126	6145
RL	127	6273
RL	128	6378
RL	129	6870
RL	130	7023
RL	131	7095
RL	132	7521
RL	133	7565
RL	134	8113
RL	135	8153
RL	136	8363
RL	137	8629
RL	138	8950
RL	139	9162
RL	140	9437
RL	141	9475
RL	142	10224
RL	143	9691
RL	144	10009
RL	145	11459
RL	146	10552
RL	147	10875
RL	148	10974
RL	149	11176
RL	150	1646670
# Read lengths - first fragments. Use `grep ^FRL | cut -f 2-` to extract this part. The columns are: read length, count
FRL	31	3
FRL	32	2
FRL	33	2
FRL	34	6
FRL	35	1
FRL	36	4
FRL	37	5
FRL	38	1
FRL	39	3
FRL	40	2
FRL	41	1
FRL	42	2
FRL	43	1
FRL	44	2
FRL	45	5
FRL	46	5
FRL	47	3
FRL	48	1
FRL	49	1
FRL	50	4
FRL	51	3
FRL	52	3
FRL	53	6
FRL	54	1
FRL	55	5
FRL	56	6
FRL	57	2
FRL	58	5
FRL	59	5
FRL	60	3
FRL	61	8
FRL	62	10
FRL	63	13
FRL	64	8
FRL	65	11
FRL	66	15
FRL	67	18
FRL	68	19
FRL	69	23
FRL	70	26
FRL	71	30
FRL	72	31
FRL	73	27
FRL	74	34
FRL	75	52
FRL	76	46
FRL	77	57
FRL	78	60
FRL	79	71
FRL	80	89
FRL	81	85
FRL	82	102
FRL	83	125
FRL	84	115
FRL	85	136
FRL	86	204
FRL	87	183
FRL	88	215
FRL	89	221
FRL	90	242
FRL	91	302
FRL	92	310
FRL	93	327
FRL	94	364
FRL	95	394
FRL	96	419
FRL	97	454
FRL	98	552
FRL	99	575
FRL	100	608
FRL	101	639
FRL	102	725
FRL	103	805
FRL	104	789
FRL	105	939
FRL	106	976
FRL	107	1012
FRL	108	1148
FRL	109	1249
FRL	110	1325
FRL	111	1428
FRL	112	1467
FRL	113	1612
FRL	114	1687
FRL	115	1898
FRL	116	1965
FRL	117	1996
FRL	118	1978
FRL	119	2173
FRL	120	2350
FRL	121	2434
FRL	122	2581
FRL	123	2698
FRL	124	2834
FRL	125	2801
FRL	126	3076
FRL	127	3139
FRL	128	3191
FRL	129	3437
FRL	130	3513
FRL	131	3550
FRL	132	3764
FRL	133	3785
FRL	134	4059
FRL	135	4077
FRL	136	4184
FRL	137	4317
FRL	138	4474
FRL	139	4588
FRL	140	4711
FRL	141	4744
FRL	142	5131
FRL	143	4847
FRL	144	5014
FRL	145	5717
FRL	146	5276
FRL	147	5437
FRL	148	5487
FRL	149	5588
FRL	150	823593
# Read lengths - last fragments. Use `grep ^LRL | cut -f 2-` to extract this part. The columns are: read length, count
LRL	31	2
LRL	32	2
LRL	33	3
LRL	34	5
LRL	35	1
LRL	36	5
LRL	37	5
LRL	38	1
LRL	39	4
LRL	40	3
LRL	41	1
LRL	42	1
LRL	43	1
LRL	44	3
LRL	45	5
LRL	46	6
LRL	47	3
LRL	48	2
LRL	49	1
LRL	50	4
LRL	51	3
LRL	52	2
LRL	53	6
LRL	54	1
LRL	55	5
LRL	56	7
LRL	57	2
LRL	58	5
LRL	59	5
LRL	60	4
LRL	61	8
LRL	62	11
LRL	63	12
LRL	64	8
LRL	65	12
LRL	66	16
LRL	67	18
LRL	68	20
LRL	69	23
LRL	70	24
LRL	71	30
LRL	72	30
LRL	73	27
LRL	74	35
LRL	75	52
LRL	76	48
LRL	77	59
LRL	78	62
LRL	79	73
LRL	80	89
LRL	81	84
LRL	82	103
LRL	83	125
LRL	84	115
LRL	85	135
LRL	86	204
LRL	87	182
LRL	88	215
LRL	89	222
LRL	90	242
LRL	91	302
LRL	92	308
LRL	93	328
LRL	94	365
LRL	95	392
LRL	96	419
LRL	97	454
LRL	98	552
LRL	99	578
LRL	100	607
LRL	101	639
LRL	102	727
LRL	103	806
LRL	104	788
LRL	105	938
LRL	106	977
LRL	107	1011
LRL	108	1147
LRL	109	1247
LRL	110	1323
LRL	111	1426
LRL	112	1464
LRL	113	1605
LRL	114	1687
LRL	115	1898
LRL	116	1961
LRL	117	1991
LRL	118	1974
LRL	119	2169
LRL	120	2348
LRL	121	2426
LRL	122	2579
LRL	123	2693
LRL	124	2834
LRL	125	2794
LRL	126	3069
LRL	127	3134
LRL	128	3187
LRL	129	3433
LRL	130	3510
LRL	131	3545
LRL	132	3757
LRL	133	3780
LRL	134	4054
LRL	135	4076
LRL	136	4179
LRL	137	4312
LRL	138	4476
LRL	139	4574
LRL	140	4726
LRL	141	4731
LRL	142	5093
LRL	143	4844
LRL	144	4995
LRL	145	5742
LRL	146	5276
LRL	147	5438
LRL	148	5487
LRL	149	5588
LRL	150	823077
# Mapping qualities for reads !(UNMAP|SECOND|SUPPL|QCFAIL|DUP). Use `grep ^MAPQ | cut -f 2-` to extract this part. The columns are: mapq, count
MAPQ	20	66
MAPQ	21	242
MAPQ	22	127
MAPQ	23	123
MAPQ	24	144
MAPQ	25	485
MAPQ	26	36
MAPQ	27	1810
MAPQ	28	39
MAPQ	29	28
MAPQ	30	65
MAPQ	31	64
MAPQ	32	60
MAPQ	33	216
MAPQ	34	21
MAPQ	35	39
MAPQ	36	42
MAPQ	37	88
MAPQ	38	28
MAPQ	39	204
MAPQ	40	2197
MAPQ	41	183
MAPQ	42	90
MAPQ	43	309
MAPQ	44	188
MAPQ	45	537
MAPQ	46	839
MAPQ	47	690
MAPQ	48	4423
MAPQ	49	565
MAPQ	50	423
MAPQ	51	234
MAPQ	52	296
MAPQ	53	118
MAPQ	54	156
MAPQ	55	127
MAPQ	56	125
MAPQ	57	741
MAPQ	58	179
MAPQ	59	426
MAPQ	60	1915591
# Indel distribution. Use `grep ^ID | cut -f 2-` to extract this part. The columns are: length, number of insertions, number of deletions
ID	1	12379	13781
ID	2	3807	5612
ID	3	1537	2100
ID	4	1956	2375
ID	5	413	631
ID	6	285	824
ID	7	111	80
ID	8	105	569
ID	9	90	169
ID	10	87	195
ID	11	110	68
ID	12	95	163
ID	13	1	19
ID	14	57	169
ID	15	17	18
ID	16	31	31
ID	17	25	12
ID	18	8	93
ID	19	26	19
ID	20	14	12
ID	21	62	4
ID	22	0	5
ID	23	2	3
ID	24	1	8
ID	26	2	36
ID	27	6	0
ID	28	0	4
ID	29	3	1
ID	30	0	2
ID	32	1	4
ID	34	0	13
ID	35	0	35
ID	36	3	3
ID	37	0	7
ID	38	0	8
ID	40	0	1
ID	48	0	9
ID	49	0	17
# Indels per cycle. Use `grep ^IC | cut -f 2-` to extract this part. The columns are: cycle, number of insertions (fwd), .. (rev) , number of deletions (fwd), .. (rev)
IC	3	0	0	25	41
IC	4	26	22	34	39
IC	5	42	44	41	64
IC	6	43	46	49	56
IC	7	63	49	58	62
IC	8	55	48	63	70
IC	9	60	73	63	61
IC	10	53	58	79	83
IC	11	60	69	87	70
IC	12	47	68	82	88
IC	13	60	53	81	80
IC	14	69	64	78	83
IC	15	67	81	84	91
IC	16	80	63	96	79
IC	17	84	75	104	92
IC	18	73	62	78	96
IC	19	84	72	83	82
IC	20	86	92	84	93
IC	21	86	84	114	110
IC	22	80	76	82	100
IC	23	79	63	106	89
IC	24	90	72	99	104
IC	25	78	91	105	79
IC	26	78	81	85	108
IC	27	90	80	84	114
IC	28	86	81	91	109
IC	29	87	87	92	91
IC	30	89	83	94	110
IC	31	82	91	96	98
IC	32	73	84	105	120
IC	33	85	101	96	100
IC	34	79	76	106	88
IC	35	78	76	92	109
IC	36	87	71	108	102
IC	37	64	76	97	97
IC	38	65	81	110	85
IC	39	67	72	106	88
IC	40	86	89	101	110
IC	41	83	76	101	107
IC	42	82	69	104	104
IC	43	90	76	98	95
IC	44	79	90	102	88
IC	45	75	73	104	111
IC	46	72	78	117	98
IC	47	72	84	103	117
IC	48	96	81	108	101
IC	49	84	81	109	93
IC	50	92	81	98	96
IC	51	67	66	112	92
IC	52	83	81	99	116
IC	53	80	76	92	107
IC	54	76	97	99	100
IC	55	76	78	116	103
IC	56	90	77	87	90
IC	57	94	81	97	96
IC	58	89	91	98	108
IC	59	74	67	95	100
IC	60	99	82	116	97
IC	61	83	84	111	90
IC	62	89	79	107	118
IC	63	90	74	97	107
IC	64	75	88	98	115
IC	65	75	78	112	109
IC	66	96	78	112	98
IC	67	76	63	120	118
IC	68	67	73	124	122
IC	69	85	76	92	96
IC	70	96	88	109	101
IC	71	87	86	115	115
IC	72	87	84	88	111
IC	73	100	80	120	111
IC	74	87	83	107	110
IC	75	104	79	112	106
IC	76	71	71	108	110
IC	77	79	85	102	108
IC	78	83	94	106	115
IC	79	84	75	118	122
IC	80	89	89	112	114
IC	81	80	90	101	94
IC	82	80	97	117	111
IC	83	80	77	124	106
IC	84	71	83	115	97
IC	85	75	89	113	99
IC	86	78	76	107	114
IC	87	97	75	122	108
IC	88	90	75	113	96
IC	89	103	71	97	119
IC	90	81	79	92	94
IC	91	71	73	92	120
IC	92	91	82	102	104
IC	93	78	73	94	101
IC	94	97	58	101	104
IC	95	83	89	121	114
IC	96	89	76	106	105
IC	97	81	95	104	98
IC	98	91	87	113	109
IC	99	89	89	99	122
IC	100	79	73	96	93
IC	101	75	77	112	107
IC	102	69	80	101	101
IC	103	91	79	105	99
IC	104	65	83	108	98
IC	105	83	95	100	110
IC	106	83	53	90	80
IC	107	95	77	87	108
IC	108	97	72	105	116
IC	109	88	74	112	95
IC	110	75	77	105	113
IC	111	76	92	108	109
IC	112	89	75	102	91
IC	113	81	71	97	112
IC	114	67	68	90	106
IC	115	80	70	90	111
IC	116	76	84	94	92
IC	117	81	67	98	96
IC	118	75	85	101	92
IC	119	74	82	117	75
IC	120	65	75	78	105
IC	121	66	58	96	91
IC	122	78	64	92	94
IC	123	84	88	92	91
IC	124	66	84	83	88
IC	125	82	70	87	85
IC	126	68	67	98	90
IC	127	76	63	90	90
IC	128	64	68	89	78
IC	129	71	78	80	71
IC	130	61	65	84	77
IC	131	58	59	94	91
IC	132	60	73	98	74
IC	133	53	65	81	75
IC	134	66	58	70	85
IC	135	56	56	71	74
IC	136	45	50	90	61
IC	137	48	62	59	54
IC	138	54	47	61	60
IC	139	58	61	73	57
IC	140	41	45	72	61
IC	141	38	40	54	50
IC	142	35	42	62	57
IC	143	34	29	44	52
IC	144	25	39	41	36
IC	145	25	17	39	43
IC	146	21	21	38	42
IC	147	30	27	36	27
# Coverage distribution. Use `grep ^COV | cut -f 2-` to extract this part.
COV	[1-1]	1	3361261
COV	[2-2]	2	2070552
COV	[3-3]	3	621906
COV	[4-4]	4	482506
COV	[5-5]	5	320274
COV	[6-6]	6	261306
COV	[7-7]	7	204981
COV	[8-8]	8	174276
COV	[9-9]	9	147768
COV	[10-10]	10	128451
COV	[11-11]	11	114136
COV	[12-12]	12	103713
COV	[13-13]	13	94093
COV	[14-14]	14	86575
COV	[15-15]	15	79482
COV	[16-16]	16	74595
COV	[17-17]	17	70343
COV	[18-18]	18	66354
COV	[19-19]	19	62787
COV	[20-20]	20	60670
COV	[21-21]	21	57379
COV	[22-22]	22	54754
COV	[23-23]	23	52419
COV	[24-24]	24	51817
COV	[25-25]	25	49505
COV	[26-26]	26	48571
COV	[27-27]	27	47181
COV	[28-28]	28	44648
COV	[29-29]	29	45194
COV	[30-30]	30	44273
COV	[31-31]	31	41948
COV	[32-32]	32	41618
COV	[33-33]	33	39739
COV	[34-34]	34	39488
COV	[35-35]	35	38639
COV	[36-36]	36	37991
COV	[37-37]	37	37865
COV	[38-38]	38	37189
COV	[39-39]	39	36398
COV	[40-40]	40	35843
COV	[41-41]	41	35139
COV	[42-42]	42	35180
COV	[43-43]	43	34109
COV	[44-44]	44	33962
COV	[45-45]	45	33477
COV	[46-46]	46	32749
COV	[47-47]	47	32308
COV	[48-48]	48	31467
COV	[49-49]	49	31455
COV	[50-50]	50	31380
COV	[51-51]	51	30895
COV	[52-52]	52	30465
COV	[53-53]	53	29911
COV	[54-54]	54	29828
COV	[55-55]	55	29339
COV	[56-56]	56	29100
COV	[57-57]	57	28867
COV	[58-58]	58	28635
COV	[59-59]	59	28398
COV	[60-60]	60	28411
COV	[61-61]	61	27524
COV	[62-62]	62	27757
COV	[63-63]	63	27558
COV	[64-64]	64	26993
COV	[65-65]	65	26660
COV	[66-66]	66	26460
COV	[67-67]	67	26272
COV	[68-68]	68	26200
COV	[69-69]	69	25570
COV	[70-70]	70	25616
COV	[71-71]	71	25160
COV	[72-72]	72	24906
COV	[73-73]	73	24779
COV	[74-74]	74	24408
COV	[75-75]	75	23957
COV	[76-76]	76	24165
COV	[77-77]	77	23815
COV	[78-78]	78	23021
COV	[79-79]	79	22803
COV	[80-80]	80	23028
COV	[81-81]	81	23046
COV	[82-82]	82	23124
COV	[83-83]	83	22567
COV	[84-84]	84	22097
COV	[85-85]	85	21441
COV	[86-86]	86	21610
COV	[87-87]	87	20716
COV	[88-88]	88	20866
COV	[89-89]	89	20714
COV	[90-90]	90	20406
COV	[91-91]	91	19965
COV	[92-92]	92	19738
COV	[93-93]	93	19054
COV	[94-94]	94	19114
COV	[95-95]	95	18682
COV	[96-96]	96	18670
COV	[97-97]	97	18210
COV	[98-98]	98	18076
COV	[99-99]	99	17981
COV	[100-100]	100	17981
COV	[101-101]	101	17376
COV	[102-102]	102	16986
COV	[103-103]	103	16683
COV	[104-104]	104	16519
COV	[105-105]	105	16525
COV	[106-106]	106	16905
COV	[107-107]	107	16252
COV	[108-108]	108	15808
COV	[109-109]	109	15952
COV	[110-110]	110	15463
COV	[111-111]	111	15158
COV	[112-112]	112	14924
COV	[113-113]	113	14919
COV	[114-114]	114	14388
COV	[115-115]	115	14047
COV	[116-116]	116	13849
COV	[117-117]	117	13576
COV	[118-118]	118	13480
COV	[119-119]	119	12976
COV	[120-120]	120	12864
COV	[121-121]	121	12722
COV	[122-122]	122	12468
COV	[123-123]	123	12363
COV	[124-124]	124	12322
COV	[125-125]	125	12324
COV	[126-126]	126	11583
COV	[127-127]	127	11568
COV	[128-128]	128	11303
COV	[129-129]	129	10828
COV	[130-130]	130	10716
COV	[131-131]	131	10275
COV	[132-132]	132	10380
COV	[133-133]	133	10056
COV	[134-134]	134	10171
COV	[135-135]	135	9705
COV	[136-136]	136	9493
COV	[137-137]	137	9313
COV	[138-138]	138	9198
COV	[139-139]	139	9165
COV	[140-140]	140	8801
COV	[141-141]	141	8520
COV	[142-142]	142	8450
COV	[143-143]	143	8369
COV	[144-144]	144	8195
COV	[145-145]	145	7887
COV	[146-146]	146	7683
COV	[147-147]	147	7474
COV	[148-148]	148	7186
COV	[149-149]	149	7029
COV	[150-150]	150	6906
COV	[151-151]	151	6895
COV	[152-152]	152	6556
COV	[153-153]	153	6428
COV	[154-154]	154	6338
COV	[155-155]	155	6166
COV	[156-156]	156	5899
COV	[157-157]	157	5735
COV	[158-158]	158	5654
COV	[159-159]	159	5438
COV	[160-160]	160	5174
COV	[161-161]	161	5246
COV	[162-162]	162	5141
COV	[163-163]	163	5117
COV	[164-164]	164	4911
COV	[165-165]	165	4768
COV	[166-166]	166	4644
COV	[167-167]	167	4414
COV	[168-168]	168	4350
COV	[169-169]	169	4165
COV	[170-170]	170	4047
COV	[171-171]	171	3948
COV	[172-172]	172	4001
COV	[173-173]	173	3953
COV	[174-174]	174	3722
COV	[175-175]	175	3662
COV	[176-176]	176	3514
COV	[177-177]	177	3505
COV	[178-178]	178	3398
COV	[179-179]	179	3386
COV	[180-180]	180	3358
COV	[181-181]	181	3260
COV	[182-182]	182	2983
COV	[183-183]	183	3061
COV	[184-184]	184	2923
COV	[185-185]	185	2773
COV	[186-186]	186	2747
COV	[187-187]	187	2670
COV	[188-188]	188	2606
COV	[189-189]	189	2518
COV	[190-190]	190	2424
COV	[191-191]	191	2239
COV	[192-192]	192	2382
COV	[193-193]	193	2286
COV	[194-194]	194	2273
COV	[195-195]	195	2163
COV	[196-196]	196	2081
COV	[197-197]	197	2051
COV	[198-198]	198	1988
COV	[199-199]	199	2052
COV	[200-200]	200	1961
COV	[201-201]	201	1834
COV	[202-202]	202	1817
COV	[203-203]	203	1747
COV	[204-204]	204	1736
COV	[205-205]	205	1673
COV	[206-206]	206	1733
COV	[207-207]	207	1668
COV	[208-208]	208	1619
COV	[209-209]	209	1601
COV	[210-210]	210	1500
COV	[211-211]	211	1512
COV	[212-212]	212	1424
COV	[213-213]	213	1419
COV	[214-214]	214	1271
COV	[215-215]	215	1333
COV	[216-216]	216	1318
COV	[217-217]	217	1263
COV	[218-218]	218	1195
COV	[219-219]	219	1195
COV	[220-220]	220	1122
COV	[221-221]	221	1087
COV	[222-222]	222	1167
COV	[223-223]	223	1143
COV	[224-224]	224	1059
COV	[225-225]	225	1062
COV	[226-226]	226	1019
COV	[227-227]	227	1036
COV	[228-228]	228	1042
COV	[229-229]	229	1034
COV	[230-230]	230	989
COV	[231-231]	231	1032
COV	[232-232]	232	941
COV	[233-233]	233	919
COV	[234-234]	234	870
COV	[235-235]	235	797
COV	[236-236]	236	757
COV	[237-237]	237	781
COV	[238-238]	238	767
COV	[239-239]	239	784
COV	[240-240]	240	751
COV	[241-241]	241	769
COV	[242-242]	242	719
COV	[243-243]	243	708
COV	[244-244]	244	715
COV	[245-245]	245	681
COV	[246-246]	246	661
COV	[247-247]	247	680
COV	[248-248]	248	628
COV	[249-249]	249	616
COV	[250-250]	250	562
COV	[251-251]	251	556
COV	[252-252]	252	565
COV	[253-253]	253	475
COV	[254-254]	254	498
COV	[255-255]	255	480
COV	[256-256]	256	444
COV	[257-257]	257	494
COV	[258-258]	258	431
COV	[259-259]	259	424
COV	[260-260]	260	449
COV	[261-261]	261	444
COV	[262-262]	262	439
COV	[263-263]	263	429
COV	[264-264]	264	483
COV	[265-265]	265	502
COV	[266-266]	266	432
COV	[267-267]	267	412
COV	[268-268]	268	445
COV	[269-269]	269	393
COV	[270-270]	270	367
COV	[271-271]	271	380
COV	[272-272]	272	386
COV	[273-273]	273	377
COV	[274-274]	274	363
COV	[275-275]	275	367
COV	[276-276]	276	348
COV	[277-277]	277	401
COV	[278-278]	278	381
COV	[279-279]	279	325
COV	[280-280]	280	375
COV	[281-281]	281	390
COV	[282-282]	282	311
COV	[283-283]	283	289
COV	[284-284]	284	309
COV	[285-285]	285	289
COV	[286-286]	286	236
COV	[287-287]	287	220
COV	[288-288]	288	223
COV	[289-289]	289	224
COV	[290-290]	290	213
COV	[291-291]	291	209
COV	[292-292]	292	225
COV	[293-293]	293	215
COV	[294-294]	294	206
COV	[295-295]	295	210
COV	[296-296]	296	192
COV	[297-297]	297	212
COV	[298-298]	298	185
COV	[299-299]	299	188
COV	[300-300]	300	183
COV	[301-301]	301	179
COV	[302-302]	302	170
COV	[303-303]	303	159
COV	[304-304]	304	135
COV	[305-305]	305	125
COV	[306-306]	306	122
COV	[307-307]	307	126
COV	[308-308]	308	114
COV	[309-309]	309	132
COV	[310-310]	310	137
COV	[311-311]	311	142
COV	[312-312]	312	139
COV	[313-313]	313	113
COV	[314-314]	314	126
COV	[315-315]	315	114
COV	[316-316]	316	110
COV	[317-317]	317	103
COV	[318-318]	318	95
COV	[319-319]	319	108
COV	[320-320]	320	93
COV	[321-321]	321	111
COV	[322-322]	322	123
COV	[323-323]	323	135
COV	[324-324]	324	130
COV	[325-325]	325	131
COV	[326-326]	326	107
COV	[327-327]	327	106
COV	[328-328]	328	104
COV	[329-329]	329	94
COV	[330-330]	330	113
COV	[331-331]	331	88
COV	[332-332]	332	85
COV	[333-333]	333	82
COV	[334-334]	334	74
COV	[335-335]	335	81
COV	[336-336]	336	71
COV	[337-337]	337	67
COV	[338-338]	338	59
COV	[339-339]	339	84
COV	[340-340]	340	72
COV	[341-341]	341	73
COV	[342-342]	342	74
COV	[343-343]	343	69
COV	[344-344]	344	59
COV	[345-345]	345	58
COV	[346-346]	346	68
COV	[347-347]	347	60
COV	[348-348]	348	39
COV	[349-349]	349	36
COV	[350-350]	350	34
COV	[351-351]	351	36
COV	[352-352]	352	41
COV	[353-353]	353	39
COV	[354-354]	354	39
COV	[355-355]	355	39
COV	[356-356]	356	36
COV	[357-357]	357	29
COV	[358-358]	358	34
COV	[359-359]	359	45
COV	[360-360]	360	35
COV	[361-361]	361	31
COV	[362-362]	362	24
COV	[363-363]	363	20
COV	[364-364]	364	34
COV	[365-365]	365	37
COV	[366-366]	366	24
COV	[367-367]	367	32
COV	[368-368]	368	32
COV	[369-369]	369	35
COV	[370-370]	370	26
COV	[371-371]	371	32
COV	[372-372]	372	33
COV	[373-373]	373	22
COV	[374-374]	374	27
COV	[375-375]	375	30
COV	[376-376]	376	33
COV	[377-377]	377	28
COV	[378-378]	378	30
COV	[379-379]	379	25
COV	[380-380]	380	30
COV	[381-381]	381	24
COV	[382-382]	382	23
COV	[383-383]	383	23
COV	[384-384]	384	29
COV	[385-385]	385	19
COV	[386-386]	386	16
COV	[387-387]	387	26
COV	[388-388]	388	29
COV	[389-389]	389	27
COV	[390-390]	390	24
COV	[391-391]	391	14
COV	[392-392]	392	24
COV	[393-393]	393	17
COV	[394-394]	394	13
COV	[395-395]	395	15
COV	[396-396]	396	14
COV	[397-397]	397	11
COV	[398-398]	398	19
COV	[399-399]	399	9
COV	[400-400]	400	11
COV	[401-401]	401	12
COV	[402-402]	402	16
COV	[403-403]	403	12
COV	[404-404]	404	15
COV	[405-405]	405	6
COV	[406-406]	406	4
COV	[407-407]	407	7
COV	[408-408]	408	14
COV	[409-409]	409	11
COV	[410-410]	410	11
COV	[411-411]	411	12
COV	[412-412]	412	10
COV	[413-413]	413	9
COV	[414-414]	414	6
COV	[415-415]	415	9
COV	[416-416]	416	8
COV	[417-417]	417	5
COV	[418-418]	418	6
COV	[419-419]	419	8
COV	[420-420]	420	11
COV	[421-421]	421	8
COV	[422-422]	422	17
COV	[423-423]	423	11
COV	[424-424]	424	7
COV	[425-425]	425	7
COV	[426-426]	426	11
COV	[427-427]	427	13
COV	[428-428]	428	13
COV	[429-429]	429	13
COV	[430-430]	430	10
COV	[431-431]	431	14
COV	[432-432]	432	11
COV	[433-433]	433	7
COV	[434-434]	434	2
COV	[435-435]	435	7
COV	[436-436]	436	5
COV	[437-437]	437	3
COV	[438-438]	438	3
COV	[439-439]	439	3
COV	[440-440]	440	4
COV	[441-441]	441	1
COV	[442-442]	442	5
COV	[443-443]	443	6
COV	[444-444]	444	4
COV	[445-445]	445	6
COV	[446-446]	446	16
COV	[447-447]	447	10
COV	[448-448]	448	13
COV	[449-449]	449	7
COV	[450-450]	450	12
COV	[451-451]	451	3
COV	[452-452]	452	5
COV	[453-453]	453	9
COV	[454-454]	454	2
COV	[455-455]	455	4
COV	[456-456]	456	1
COV	[457-457]	457	3
COV	[458-458]	458	2
COV	[459-459]	459	2
COV	[460-460]	460	4
COV	[461-461]	461	4
COV	[463-463]	463	1
COV	[464-464]	464	2
COV	[465-465]	465	3
COV	[467-467]	467	1
COV	[468-468]	468	1
COV	[469-469]	469	3
COV	[470-470]	470	1
COV	[471-471]	471	1
COV	[472-472]	472	2
COV	[473-473]	473	2
COV	[475-475]	475	2
COV	[476-476]	476	6
COV	[477-477]	477	1
COV	[478-478]	478	3
COV	[479-479]	479	1
COV	[481-481]	481	3
COV	[482-482]	482	2
COV	[483-483]	483	1
COV	[484-484]	484	7
COV	[485-485]	485	2
COV	[486-486]	486	6
COV	[487-487]	487	6
COV	[489-489]	489	2
COV	[490-490]	490	3
COV	[491-491]	491	4
COV	[492-492]	492	2
COV	[493-493]	493	2
COV	[494-494]	494	3
COV	[495-495]	495	2
COV	[496-496]	496	2
COV	[497-497]	497	3
COV	[499-499]	499	1
COV	[500-500]	500	3
COV	[502-502]	502	3
COV	[503-503]	503	1
COV	[504-504]	504	1
COV	[505-505]	505	1
COV	[506-506]	506	6
COV	[507-507]	507	2
COV	[509-509]	509	1
COV	[510-510]	510	2
COV	[511-511]	511	1
COV	[512-512]	512	2
COV	[513-513]	513	4
COV	[514-514]	514	1
COV	[515-515]	515	5
COV	[517-517]	517	1
COV	[518-518]	518	1
COV	[519-519]	519	1
COV	[521-521]	521	1
COV	[523-523]	523	5
COV	[524-524]	524	1
COV	[525-525]	525	3
COV	[527-527]	527	1
COV	[528-528]	528	1
COV	[529-529]	529	1
COV	[530-530]	530	1
COV	[531-531]	531	1
COV	[532-532]	532	3
COV	[533-533]	533	2
COV	[534-534]	534	1
COV	[536-536]	536	2
COV	[537-537]	537	1
COV	[538-538]	538	1
COV	[539-539]	539	5
COV	[540-540]	540	1
COV	[541-541]	541	3
COV	[542-542]	542	3
COV	[543-543]	543	3
COV	[545-545]	545	1
COV	[546-546]	546	4
COV	[549-549]	549	3
COV	[550-550]	550	3
COV	[551-551]	551	2
COV	[552-552]	552	1
COV	[554-554]	554	1
COV	[555-555]	555	1
COV	[557-557]	557	4
COV	[558-558]	558	3
COV	[559-559]	559	2
COV	[560-560]	560	3
COV	[561-561]	561	1
COV	[562-562]	562	2
COV	[563-563]	563	5
COV	[564-564]	564	2
COV	[565-565]	565	2
COV	[566-566]	566	2
COV	[567-567]	567	3
COV	[568-568]	568	1
COV	[569-569]	569	2
COV	[571-571]	571	3
COV	[572-572]	572	3
COV	[573-573]	573	1
COV	[574-574]	574	2
COV	[575-575]	575	2
COV	[576-576]	576	2
COV	[577-577]	577	1
COV	[578-578]	578	2
COV	[579-579]	579	2
COV	[580-580]	580	2
COV	[581-581]	581	4
COV	[582-582]	582	1
COV	[584-584]	584	3
COV	[585-585]	585	2
COV	[586-586]	586	2
COV	[587-587]	587	3
COV	[588-588]	588	2
COV	[589-589]	589	2
COV	[590-590]	590	1
COV	[591-591]	591	4
COV	[592-592]	592	2
COV	[594-594]	594	1
COV	[595-595]	595	5
COV	[596-596]	596	3
COV	[598-598]	598	2
COV	[599-599]	599	4
COV	[600-600]	600	3
COV	[601-601]	601	2
COV	[602-602]	602	1
COV	[603-603]	603	2
COV	[604-604]	604	1
COV	[605-605]	605	2
COV	[606-606]	606	1
COV	[607-607]	607	2
COV	[608-608]	608	2
COV	[613-613]	613	3
COV	[618-618]	618	1
COV	[621-621]	621	1
COV	[622-622]	622	1
COV	[627-627]	627	1
COV	[631-631]	631	1
COV	[632-632]	632	1
COV	[634-634]	634	1
COV	[635-635]	635	1
COV	[639-639]	639	1
COV	[640-640]	640	1
COV	[643-643]	643	1
COV	[651-651]	651	2
COV	[652-652]	652	1
COV	[655-655]	655	1
COV	[657-657]	657	1
COV	[665-665]	665	1
COV	[666-666]	666	1
COV	[670-670]	670	1
COV	[676-676]	676	2
COV	[679-679]	679	1
COV	[681-681]	681	1
COV	[682-682]	682	1
COV	[688-688]	688	1
COV	[693-693]	693	2
COV	[699-699]	699	2
COV	[700-700]	700	1
COV	[705-705]	705	1
COV	[707-707]	707	1
COV	[715-715]	715	3
COV	[718-718]	718	1
COV	[720-720]	720	2
COV	[721-721]	721	1
COV	[722-722]	722	1
COV	[728-728]	728	1
COV	[730-730]	730	1
COV	[734-734]	734	1
COV	[735-735]	735	1
COV	[736-736]	736	1
COV	[740-740]	740	2
COV	[741-741]	741	1
COV	[743-743]	743	1
COV	[744-744]	744	2
COV	[745-745]	745	1
COV	[750-750]	750	3
COV	[753-753]	753	1
COV	[757-757]	757	2
COV	[758-758]	758	2
COV	[760-760]	760	1
COV	[761-761]	761	1
COV	[762-762]	762	2
COV	[764-764]	764	2
COV	[765-765]	765	1
COV	[767-767]	767	1
COV	[768-768]	768	1
COV	[769-769]	769	2
COV	[770-770]	770	2
COV	[771-771]	771	2
COV	[774-774]	774	2
COV	[775-775]	775	1
# GC-depth. Use `grep ^GCD | cut -f 2-` to extract this part. The columns are: GC%, unique sequence percentiles, 10th, 25th, 50th, 75th and 90th depth percentile
GCD	0.0	0.626	0.007	0.007	0.007	0.007	0.015
GCD	0.2	0.631	0.007	0.007	0.007	0.007	0.007
GCD	10.0	0.635	0.015	0.015	0.015	0.015	0.015
GCD	12.0	0.640	0.015	0.015	0.015	0.015	0.015
GCD	13.0	0.658	0.015	0.015	0.018	0.028	0.029
GCD	14.0	0.667	0.015	0.015	0.015	0.015	0.015
GCD	15.0	0.689	0.015	0.015	0.015	0.015	0.015
GCD	16.0	0.702	0.015	0.015	0.015	0.015	0.015
GCD	17.0	0.720	0.007	0.009	0.015	0.026	0.029
GCD	18.0	0.734	0.015	0.015	0.015	0.015	0.015
GCD	19.0	0.756	0.007	0.007	0.015	0.015	0.015
GCD	20.0	0.792	0.015	0.015	0.015	0.015	0.029
GCD	21.0	0.846	0.007	0.009	0.015	0.015	0.087
GCD	22.0	0.864	0.015	0.017	0.022	0.028	0.029
GCD	23.0	0.917	0.007	0.007	0.007	0.013	0.015
GCD	24.0	1.007	0.007	0.007	0.088	0.417	0.586
GCD	25.0	1.199	0.007	0.007	0.015	0.206	0.488
GCD	26.0	1.320	0.007	0.015	0.264	0.573	0.788
GCD	27.0	1.624	0.007	0.007	0.015	0.562	0.685
GCD	28.0	1.987	0.007	0.015	0.382	0.852	1.090
GCD	29.0	2.546	0.007	0.007	0.220	0.749	1.026
GCD	30.0	3.155	0.007	0.015	0.573	0.970	1.317
GCD	31.0	4.228	0.007	0.007	0.331	0.867	1.219
GCD	32.0	5.360	0.007	0.015	0.566	1.036	1.361
GCD	33.0	6.922	0.007	0.015	0.338	1.073	1.528
GCD	34.0	8.792	0.015	0.015	0.419	1.141	1.572
GCD	35.0	11.280	0.007	0.015	0.206	1.144	1.558
GCD	36.0	13.875	0.015	0.015	0.129	1.073	1.690
GCD	37.0	16.931	0.015	0.015	0.059	1.102	1.725
GCD	38.0	20.243	0.015	0.015	0.044	1.073	1.749
GCD	39.0	23.844	0.015	0.015	0.051	1.109	1.872
GCD	40.0	27.406	0.015	0.015	0.044	1.043	1.674
GCD	41.0	31.290	0.015	0.015	0.029	0.942	1.794
GCD	42.0	34.995	0.015	0.015	0.059	1.073	1.705
GCD	43.0	39.335	0.015	0.015	0.029	0.823	1.704
GCD	44.0	43.751	0.015	0.015	0.029	0.852	1.710
GCD	45.0	48.374	0.015	0.015	0.029	0.389	1.522
GCD	46.0	53.058	0.015	0.015	0.037	0.353	1.515
GCD	47.0	57.864	0.015	0.015	0.029	0.235	1.425
GCD	48.0	62.486	0.015	0.015	0.029	0.338	1.522
GCD	49.0	66.965	0.015	0.015	0.029	0.250	1.381
GCD	50.0	71.529	0.015	0.015	0.022	0.130	1.352
GCD	51.0	75.583	0.015	0.015	0.015	0.132	1.528
GCD	52.0	79.203	0.015	0.015	0.015	0.099	1.337
GCD	53.0	82.447	0.015	0.015	0.015	0.132	1.475
GCD	54.0	84.894	0.015	0.015	0.015	0.485	1.932
GCD	55.0	87.176	0.015	0.015	0.015	0.839	2.260
GCD	56.0	89.100	0.015	0.015	0.022	0.775	2.192
GCD	57.0	90.595	0.015	0.015	0.029	0.935	2.090
GCD	58.0	91.901	0.015	0.015	0.029	1.350	2.868
GCD	59.0	93.087	0.015	0.015	0.044	1.514	2.560
GCD	60.0	94.156	0.015	0.015	0.044	1.220	2.557
GCD	61.0	94.957	0.015	0.015	0.044	1.646	3.688
GCD	62.0	95.687	0.015	0.015	0.059	1.763	3.150
GCD	63.0	96.237	0.015	0.015	0.059	1.499	2.571
GCD	64.0	96.725	0.015	0.015	0.044	1.550	3.394
GCD	65.0	97.221	0.015	0.015	0.029	1.087	2.746
GCD	66.0	97.624	0.015	0.015	0.029	1.521	2.476
GCD	67.0	97.951	0.015	0.015	0.029	0.944	2.054
GCD	68.0	98.367	0.015	0.015	0.015	0.617	1.487
GCD	69.0	98.680	0.015	0.015	0.015	0.485	1.821
GCD	70.0	98.980	0.015	0.015	0.015	0.029	0.129
GCD	71.0	99.284	0.015	0.015	0.015	0.029	0.116
GCD	72.0	99.521	0.015	0.015	0.015	0.044	0.135
GCD	73.0	99.696	0.015	0.015	0.015	0.029	0.073
GCD	74.0	99.839	0.015	0.015	0.015	0.029	0.231
GCD	75.0	99.902	0.015	0.015	0.015	0.037	0.250
GCD	76.0	99.942	0.015	0.015	0.015	0.051	0.132
GCD	77.0	99.964	0.015	0.015	0.015	0.029	0.029
GCD	78.0	99.982	0.015	0.015	0.015	0.015	0.015
GCD	79.0	99.991	0.015	0.015	0.015	0.015	0.015
GCD	81.0	100.000	0.015	0.015	0.015	0.015	0.015
