# This file was produced by samtools stats (1.22.1+htslib-1.22.1) and can be plotted using plot-bamstats
# This file contains statistics for all reads.
# The command line was:  stats results/BAM/Sample_01_markdup.bam
# CHK, Checksum	[2]Read Names	[3]Sequences	[4]Qualities
# CHK, CRC32 of reads which passed filtering followed by addition (32bit overflow)
CHK	38e03116	d5677c42	e38ae213
# Summary Numbers. Use `grep ^SN | cut -f 2-` to extract this part.
SN	raw total sequences:	1953846	# excluding supplementary and secondary reads
SN	filtered sequences:	0
SN	sequences:	1953846
SN	is sorted:	1	# sorted by coordinate
SN	1st fragments:	977286
SN	last fragments:	976560
SN	reads mapped:	1953846
SN	reads mapped and paired:	1953628	# paired-end technology bit set + both mates mapped
SN	reads unmapped:	0
SN	reads properly paired:	1945139	# proper-pair bit set
SN	reads paired:	1953846	# paired-end technology bit set
SN	reads duplicated:	20964	# PCR or optical duplicate bit set
SN	reads MQ0:	0	# mapped and MQ=0
SN	reads QC failed:	0
SN	non-primary alignments:	0
SN	supplementary alignments:	872
SN	total length:	287242204	# ignores clipping
SN	total first fragment length:	143673911	# ignores clipping
SN	total last fragment length:	143568293	# ignores clipping
SN	bases mapped:	287242204	# ignores clipping
SN	bases mapped (cigar):	286895789	# more accurate
SN	bases trimmed:	0
SN	bases duplicated:	3100503
SN	mismatches:	1085701	# from NM fields
SN	error rate:	3.784304e-03	# mismatches / bases mapped (cigar)
SN	average length:	147
SN	average first fragment length:	147
SN	average last fragment length:	147
SN	maximum length:	150
SN	maximum first fragment length:	150
SN	maximum last fragment length:	150
SN	average quality:	39.3
SN	insert size average:	210.8
SN	insert size standard deviation:	62.5
SN	inward oriented pairs:	973965
SN	outward oriented pairs:	539
SN	pairs with other orientation:	75
SN	pairs on different chromosomes:	2154
SN	percentage of properly paired reads (%):	99.6
# First Fragment Qualities. Use `grep ^FFQ | cut -f 2-` to extract this part.
# Columns correspond to qualities and rows to cycles. First column is the cycle number.
FFQ	1	0	0	0	0	0	0	0	0	0	0	0	0	19113	0	0	0	0	0	0	0	0	0	0	0	51350	0	0	0	0	0	0	0	0	0	0	0	0	0	0	0	906823	0
FFQ	2	0	0	3373	0	0	0	0	0	0	0	0	0	12537	0	0	0	0	0	0	0	0	0	0	0	26313	0	0	0	0	0	0	0	0	0	0	0	0	0	0	0	935063	0
FFQ	3	0	0	2	0	0	0	0	0	0	0	0	0	13649	0	0	0	0	0	0	0	0	0	0	0	29171	0	0	0	0	0	0	0	0	0	0	0	0	0	0	0	934464	0
FFQ	4	0	0	828	0	0	0	0	0	0	0	0	0	13403	0	0	0	0	0	0	0	0	0	0	0	29042	0	0	0	0	0	0	0	0	0	0	0	0	0	0	0	934013	0
FFQ	5	0	0	0	0	0	0	0	0	0	0	0	0	12693	0	0	0	0	0	0	0	0	0	0	0	27896	0	0	0	0	0	0	0	0	0	0	0	0	0	0	0	936697	0
FFQ	6	0	0	0	0	0	0	0	0	0	0	0	0	12370	0	0	0	0	0	0	0	0	0	0	0	26783	0	0	0	0	0	0	0	0	0	0	0	0	0	0	0	938133	0
FFQ	7	0	0	12	0	0	0	0	0	0	0	0	0	11351	0	0	0	0	0	0	0	0	0	0	0	26138	0	0	0	0	0	0	0	0	0	0	0	0	0	0	0	939785	0
FFQ	8	0	0	0	0	0	0	0	0	0	0	0	0	10867	0	0	0	0	0	0	0	0	0	0	0	25354	0	0	0	0	0	0	0	0	0	0	0	0	0	0	0	941065	0
FFQ	9	0	0	933	0	0	0	0	0	0	0	0	0	10678	0	0	0	0	0	0	0	0	0	0	0	25038	0	0	0	0	0	0	0	0	0	0	0	0	0	0	0	940637	0
FFQ	10	0	0	0	0	0	0	0	0	0	0	0	0	10060	0	0	0	0	0	0	0	0	0	0	0	24554	0	0	0	0	0	0	0	0	0	0	0	0	0	0	0	942672	0
FFQ	11	0	0	0	0	0	0	0	0	0	0	0	0	9818	0	0	0	0	0	0	0	0	0	0	0	24158	0	0	0	0	0	0	0	0	0	0	0	0	0	0	0	943310	0
FFQ	12	0	0	0	0	0	0	0	0	0	0	0	0	9555	0	0	0	0	0	0	0	0	0	0	0	23742	0	0	0	0	0	0	0	0	0	0	0	0	0	0	0	943989	0
FFQ	13	0	0	0	0	0	0	0	0	0	0	0	0	9261	0	0	0	0	0	0	0	0	0	0	0	23876	0	0	0	0	0	0	0	0	0	0	0	0	0	0	0	944149	0
FFQ	14	0	0	0	0	0	0	0	0	0	0	0	0	8997	0	0	0	0	0	0	0	0	0	0	0	23395	0	0	0	0	0	0	0	0	0	0	0	0	0	0	0	944894	0
FFQ	15	0	0	1	0	0	0	0	0	0	0	0	0	9127	0	0	0	0	0	0	0	0	0	0	0	23070	0	0	0	0	0	0	0	0	0	0	0	0	0	0	0	945088	0
FFQ	16	0	0	3	0	0	0	0	0	0	0	0	0	6971	0	0	0	0	0	0	0	0	0	0	0	19378	0	0	0	0	0	0	0	0	0	0	0	0	0	0	0	950934	0
FFQ	17	0	0	1	0	0	0	0	0	0	0	0	0	6883	0	0	0	0	0	0	0	0	0	0	0	19257	0	0	0	0	0	0	0	0	0	0	0	0	0	0	0	951145	0
FFQ	18	0	0	12	0	0	0	0	0	0	0	0	0	7042	0	0	0	0	0	0	0	0	0	0	0	19237	0	0	0	0	0	0	0	0	0	0	0	0	0	0	0	950995	0
FFQ	19	0	0	0	0	0	0	0	0	0	0	0	0	6812	0	0	0	0	0	0	0	0	0	0	0	18975	0	0	0	0	0	0	0	0	0	0	0	0	0	0	0	951499	0
FFQ	20	0	0	0	0	0	0	0	0	0	0	0	0	6466	0	0	0	0	0	0	0	0	0	0	0	18807	0	0	0	0	0	0	0	0	0	0	0	0	0	0	0	952013	0
FFQ	21	0	0	0	0	0	0	0	0	0	0	0	0	6371	0	0	0	0	0	0	0	0	0	0	0	18413	0	0	0	0	0	0	0	0	0	0	0	0	0	0	0	952502	0
FFQ	22	0	0	0	0	0	0	0	0	0	0	0	0	6581	0	0	0	0	0	0	0	0	0	0	0	18716	0	0	0	0	0	0	0	0	0	0	0	0	0	0	0	951989	0
FFQ	23	0	0	0	0	0	0	0	0	0	0	0	0	6125	0	0	0	0	0	0	0	0	0	0	0	18301	0	0	0	0	0	0	0	0	0	0	0	0	0	0	0	952860	0
FFQ	24	0	0	2	0	0	0	0	0	0	0	0	0	6488	0	0	0	0	0	0	0	0	0	0	0	18292	0	0	0	0	0	0	0	0	0	0	0	0	0	0	0	952504	0
FFQ	25	0	0	6	0	0	0	0	0	0	0	0	0	6103	0	0	0	0	0	0	0	0	0	0	0	18020	0	0	0	0	0	0	0	0	0	0	0	0	0	0	0	953157	0
FFQ	26	0	0	0	0	0	0	0	0	0	0	0	0	10401	0	0	0	0	0	0	0	0	0	0	0	22677	0	0	0	0	0	0	0	0	0	0	0	0	0	0	0	944208	0
FFQ	27	0	0	0	0	0	0	0	0	0	0	0	0	10259	0	0	0	0	0	0	0	0	0	0	0	22808	0	0	0	0	0	0	0	0	0	0	0	0	0	0	0	944219	0
FFQ	28	0	0	0	0	0	0	0	0	0	0	0	0	10398	0	0	0	0	0	0	0	0	0	0	0	22673	0	0	0	0	0	0	0	0	0	0	0	0	0	0	0	944215	0
FFQ	29	0	0	4	0	0	0	0	0	0	0	0	0	10653	0	0	0	0	0	0	0	0	0	0	0	22692	0	0	0	0	0	0	0	0	0	0	0	0	0	0	0	943937	0
FFQ	30	0	0	0	0	0	0	0	0	0	0	0	0	10275	0	0	0	0	0	0	0	0	0	0	0	22458	0	0	0	0	0	0	0	0	0	0	0	0	0	0	0	944553	0
FFQ	31	0	0	0	0	0	0	0	0	0	0	0	0	10591	0	0	0	0	0	0	0	0	0	0	0	22310	0	0	0	0	0	0	0	0	0	0	0	0	0	0	0	944384	0
FFQ	32	0	0	0	0	0	0	0	0	0	0	0	0	10261	0	0	0	0	0	0	0	0	0	0	0	22270	0	0	0	0	0	0	0	0	0	0	0	0	0	0	0	944753	0
FFQ	33	0	0	0	0	0	0	0	0	0	0	0	0	10775	0	0	0	0	0	0	0	0	0	0	0	22918	0	0	0	0	0	0	0	0	0	0	0	0	0	0	0	943589	0
FFQ	34	0	0	0	0	0	0	0	0	0	0	0	0	10329	0	0	0	0	0	0	0	0	0	0	0	21948	0	0	0	0	0	0	0	0	0	0	0	0	0	0	0	945005	0
FFQ	35	0	0	0	0	0	0	0	0	0	0	0	0	10168	0	0	0	0	0	0	0	0	0	0	0	22196	0	0	0	0	0	0	0	0	0	0	0	0	0	0	0	944916	0
FFQ	36	0	0	1	0	0	0	0	0	0	0	0	0	10368	0	0	0	0	0	0	0	0	0	0	0	22190	0	0	0	0	0	0	0	0	0	0	0	0	0	0	0	944717	0
FFQ	37	0	0	0	0	0	0	0	0	0	0	0	0	10210	0	0	0	0	0	0	0	0	0	0	0	22112	0	0	0	0	0	0	0	0	0	0	0	0	0	0	0	944954	0
FFQ	38	0	0	2	0	0	0	0	0	0	0	0	0	10262	0	0	0	0	0	0	0	0	0	0	0	21821	0	0	0	0	0	0	0	0	0	0	0	0	0	0	0	945188	0
FFQ	39	0	0	0	0	0	0	0	0	0	0	0	0	10458	0	0	0	0	0	0	0	0	0	0	0	22056	0	0	0	0	0	0	0	0	0	0	0	0	0	0	0	944758	0
FFQ	40	0	0	0	0	0	0	0	0	0	0	0	0	10211	0	0	0	0	0	0	0	0	0	0	0	21955	0	0	0	0	0	0	0	0	0	0	0	0	0	0	0	945104	0
FFQ	41	0	0	22	0	0	0	0	0	0	0	0	0	10156	0	0	0	0	0	0	0	0	0	0	0	21766	0	0	0	0	0	0	0	0	0	0	0	0	0	0	0	945325	0
FFQ	42	0	0	0	0	0	0	0	0	0	0	0	0	10105	0	0	0	0	0	0	0	0	0	0	0	22032	0	0	0	0	0	0	0	0	0	0	0	0	0	0	0	945128	0
FFQ	43	0	0	0	0	0	0	0	0	0	0	0	0	10262	0	0	0	0	0	0	0	0	0	0	0	21968	0	0	0	0	0	0	0	0	0	0	0	0	0	0	0	945031	0
FFQ	44	0	0	0	0	0	0	0	0	0	0	0	0	10213	0	0	0	0	0	0	0	0	0	0	0	21836	0	0	0	0	0	0	0	0	0	0	0	0	0	0	0	945210	0
FFQ	45	0	0	0	0	0	0	0	0	0	0	0	0	10382	0	0	0	0	0	0	0	0	0	0	0	21862	0	0	0	0	0	0	0	0	0	0	0	0	0	0	0	945012	0
FFQ	46	0	0	0	0	0	0	0	0	0	0	0	0	10253	0	0	0	0	0	0	0	0	0	0	0	21826	0	0	0	0	0	0	0	0	0	0	0	0	0	0	0	945177	0
FFQ	47	0	0	0	0	0	0	0	0	0	0	0	0	10120	0	0	0	0	0	0	0	0	0	0	0	21912	0	0	0	0	0	0	0	0	0	0	0	0	0	0	0	945221	0
FFQ	48	0	0	0	0	0	0	0	0	0	0	0	0	10590	0	0	0	0	0	0	0	0	0	0	0	21917	0	0	0	0	0	0	0	0	0	0	0	0	0	0	0	944745	0
FFQ	49	0	0	0	0	0	0	0	0	0	0	0	0	10219	0	0	0	0	0	0	0	0	0	0	0	21802	0	0	0	0	0	0	0	0	0	0	0	0	0	0	0	945226	0
FFQ	50	0	0	1	0	0	0	0	0	0	0	0	0	10823	0	0	0	0	0	0	0	0	0	0	0	22246	0	0	0	0	0	0	0	0	0	0	0	0	0	0	0	944176	0
FFQ	51	0	0	0	0	0	0	0	0	0	0	0	0	10268	0	0	0	0	0	0	0	0	0	0	0	21728	0	0	0	0	0	0	0	0	0	0	0	0	0	0	0	945248	0
FFQ	52	0	0	0	0	0	0	0	0	0	0	0	0	10316	0	0	0	0	0	0	0	0	0	0	0	21824	0	0	0	0	0	0	0	0	0	0	0	0	0	0	0	945102	0
FFQ	53	0	0	0	0	0	0	0	0	0	0	0	0	10198	0	0	0	0	0	0	0	0	0	0	0	21793	0	0	0	0	0	0	0	0	0	0	0	0	0	0	0	945247	0
FFQ	54	0	0	0	0	0	0	0	0	0	0	0	0	10643	0	0	0	0	0	0	0	0	0	0	0	21935	0	0	0	0	0	0	0	0	0	0	0	0	0	0	0	944654	0
FFQ	55	0	0	0	0	0	0	0	0	0	0	0	0	10283	0	0	0	0	0	0	0	0	0	0	0	21924	0	0	0	0	0	0	0	0	0	0	0	0	0	0	0	945024	0
FFQ	56	0	0	0	0	0	0	0	0	0	0	0	0	10293	0	0	0	0	0	0	0	0	0	0	0	22037	0	0	0	0	0	0	0	0	0	0	0	0	0	0	0	944894	0
FFQ	57	0	0	0	0	0	0	0	0	0	0	0	0	10455	0	0	0	0	0	0	0	0	0	0	0	22046	0	0	0	0	0	0	0	0	0	0	0	0	0	0	0	944722	0
FFQ	58	0	0	0	0	0	0	0	0	0	0	0	0	10300	0	0	0	0	0	0	0	0	0	0	0	21933	0	0	0	0	0	0	0	0	0	0	0	0	0	0	0	944984	0
FFQ	59	0	0	2	0	0	0	0	0	0	0	0	0	10233	0	0	0	0	0	0	0	0	0	0	0	22155	0	0	0	0	0	0	0	0	0	0	0	0	0	0	0	944820	0
FFQ	60	0	0	0	0	0	0	0	0	0	0	0	0	10924	0	0	0	0	0	0	0	0	0	0	0	22314	0	0	0	0	0	0	0	0	0	0	0	0	0	0	0	943970	0
FFQ	61	0	0	0	0	0	0	0	0	0	0	0	0	10528	0	0	0	0	0	0	0	0	0	0	0	22245	0	0	0	0	0	0	0	0	0	0	0	0	0	0	0	944427	0
FFQ	62	0	0	0	0	0	0	0	0	0	0	0	0	10727	0	0	0	0	0	0	0	0	0	0	0	22173	0	0	0	0	0	0	0	0	0	0	0	0	0	0	0	944287	0
FFQ	63	0	0	0	0	0	0	0	0	0	0	0	0	10653	0	0	0	0	0	0	0	0	0	0	0	22490	0	0	0	0	0	0	0	0	0	0	0	0	0	0	0	944027	0
FFQ	64	0	0	0	0	0	0	0	0	0	0	0	0	10677	0	0	0	0	0	0	0	0	0	0	0	22258	0	0	0	0	0	0	0	0	0	0	0	0	0	0	0	944222	0
FFQ	65	0	0	0	0	0	0	0	0	0	0	0	0	10516	0	0	0	0	0	0	0	0	0	0	0	22478	0	0	0	0	0	0	0	0	0	0	0	0	0	0	0	944144	0
FFQ	66	0	0	1	0	0	0	0	0	0	0	0	0	11052	0	0	0	0	0	0	0	0	0	0	0	22282	0	0	0	0	0	0	0	0	0	0	0	0	0	0	0	943789	0
FFQ	67	0	0	0	0	0	0	0	0	0	0	0	0	10887	0	0	0	0	0	0	0	0	0	0	0	22684	0	0	0	0	0	0	0	0	0	0	0	0	0	0	0	943543	0
FFQ	68	0	0	4	0	0	0	0	0	0	0	0	0	11040	0	0	0	0	0	0	0	0	0	0	0	22861	0	0	0	0	0	0	0	0	0	0	0	0	0	0	0	943194	0
FFQ	69	0	0	20	0	0	0	0	0	0	0	0	0	10806	0	0	0	0	0	0	0	0	0	0	0	22640	0	0	0	0	0	0	0	0	0	0	0	0	0	0	0	943613	0
FFQ	70	0	0	0	0	0	0	0	0	0	0	0	0	10860	0	0	0	0	0	0	0	0	0	0	0	22401	0	0	0	0	0	0	0	0	0	0	0	0	0	0	0	943792	0
FFQ	71	0	0	0	0	0	0	0	0	0	0	0	0	11114	0	0	0	0	0	0	0	0	0	0	0	22548	0	0	0	0	0	0	0	0	0	0	0	0	0	0	0	943366	0
FFQ	72	0	0	0	0	0	0	0	0	0	0	0	0	10995	0	0	0	0	0	0	0	0	0	0	0	22736	0	0	0	0	0	0	0	0	0	0	0	0	0	0	0	943265	0
FFQ	73	0	0	0	0	0	0	0	0	0	0	0	0	11146	0	0	0	0	0	0	0	0	0	0	0	22907	0	0	0	0	0	0	0	0	0	0	0	0	0	0	0	942910	0
FFQ	74	0	0	0	0	0	0	0	0	0	0	0	0	11010	0	0	0	0	0	0	0	0	0	0	0	22931	0	0	0	0	0	0	0	0	0	0	0	0	0	0	0	942980	0
FFQ	75	0	0	0	0	0	0	0	0	0	0	0	0	11387	0	0	0	0	0	0	0	0	0	0	0	23223	0	0	0	0	0	0	0	0	0	0	0	0	0	0	0	942260	0
FFQ	76	0	0	0	0	0	0	0	0	0	0	0	0	11350	0	0	0	0	0	0	0	0	0	0	0	22926	0	0	0	0	0	0	0	0	0	0	0	0	0	0	0	942552	0
FFQ	77	0	0	0	0	0	0	0	0	0	0	0	0	11056	0	0	0	0	0	0	0	0	0	0	0	23074	0	0	0	0	0	0	0	0	0	0	0	0	0	0	0	942640	0
FFQ	78	0	0	0	0	0	0	0	0	0	0	0	0	11565	0	0	0	0	0	0	0	0	0	0	0	23179	0	0	0	0	0	0	0	0	0	0	0	0	0	0	0	941961	0
FFQ	79	0	0	0	0	0	0	0	0	0	0	0	0	11211	0	0	0	0	0	0	0	0	0	0	0	23187	0	0	0	0	0	0	0	0	0	0	0	0	0	0	0	942240	0
FFQ	80	0	0	0	0	0	0	0	0	0	0	0	0	11305	0	0	0	0	0	0	0	0	0	0	0	23181	0	0	0	0	0	0	0	0	0	0	0	0	0	0	0	942063	0
FFQ	81	0	0	0	0	0	0	0	0	0	0	0	0	11534	0	0	0	0	0	0	0	0	0	0	0	23763	0	0	0	0	0	0	0	0	0	0	0	0	0	0	0	941153	0
FFQ	82	0	0	1	0	0	0	0	0	0	0	0	0	11485	0	0	0	0	0	0	0	0	0	0	0	23665	0	0	0	0	0	0	0	0	0	0	0	0	0	0	0	941219	0
FFQ	83	0	0	25	0	0	0	0	0	0	0	0	0	11513	0	0	0	0	0	0	0	0	0	0	0	23713	0	0	0	0	0	0	0	0	0	0	0	0	0	0	0	941002	0
FFQ	84	0	0	0	0	0	0	0	0	0	0	0	0	11548	0	0	0	0	0	0	0	0	0	0	0	23748	0	0	0	0	0	0	0	0	0	0	0	0	0	0	0	940838	0
FFQ	85	0	0	0	0	0	0	0	0	0	0	0	0	11445	0	0	0	0	0	0	0	0	0	0	0	23747	0	0	0	0	0	0	0	0	0	0	0	0	0	0	0	940814	0
FFQ	86	0	0	0	0	0	0	0	0	0	0	0	0	11562	0	0	0	0	0	0	0	0	0	0	0	23930	0	0	0	0	0	0	0	0	0	0	0	0	0	0	0	940377	0
FFQ	87	0	0	0	0	0	0	0	0	0	0	0	0	11556	0	0	0	0	0	0	0	0	0	0	0	24017	0	0	0	0	0	0	0	0	0	0	0	0	0	0	0	940144	0
FFQ	88	0	0	9	0	0	0	0	0	0	0	0	0	11714	0	0	0	0	0	0	0	0	0	0	0	23866	0	0	0	0	0	0	0	0	0	0	0	0	0	0	0	939952	0
FFQ	89	0	0	0	0	0	0	0	0	0	0	0	0	11757	0	0	0	0	0	0	0	0	0	0	0	23861	0	0	0	0	0	0	0	0	0	0	0	0	0	0	0	939721	0
FFQ	90	0	0	12	0	0	0	0	0	0	0	0	0	11826	0	0	0	0	0	0	0	0	0	0	0	23971	0	0	0	0	0	0	0	0	0	0	0	0	0	0	0	939335	0
FFQ	91	0	0	0	0	0	0	0	0	0	0	0	0	11824	0	0	0	0	0	0	0	0	0	0	0	24114	0	0	0	0	0	0	0	0	0	0	0	0	0	0	0	938953	0
FFQ	92	0	0	0	0	0	0	0	0	0	0	0	0	11883	0	0	0	0	0	0	0	0	0	0	0	24387	0	0	0	0	0	0	0	0	0	0	0	0	0	0	0	938339	0
FFQ	93	0	0	25	0	0	0	0	0	0	0	0	0	12123	0	0	0	0	0	0	0	0	0	0	0	23946	0	0	0	0	0	0	0	0	0	0	0	0	0	0	0	938210	0
FFQ	94	0	0	0	0	0	0	0	0	0	0	0	0	12383	0	0	0	0	0	0	0	0	0	0	0	24495	0	0	0	0	0	0	0	0	0	0	0	0	0	0	0	937098	0
FFQ	95	0	0	0	0	0	0	0	0	0	0	0	0	12211	0	0	0	0	0	0	0	0	0	0	0	24345	0	0	0	0	0	0	0	0	0	0	0	0	0	0	0	937045	0
FFQ	96	0	0	0	0	0	0	0	0	0	0	0	0	12226	0	0	0	0	0	0	0	0	0	0	0	24576	0	0	0	0	0	0	0	0	0	0	0	0	0	0	0	936412	0
FFQ	97	0	0	0	0	0	0	0	0	0	0	0	0	12455	0	0	0	0	0	0	0	0	0	0	0	24585	0	0	0	0	0	0	0	0	0	0	0	0	0	0	0	935710	0
FFQ	98	0	0	3	0	0	0	0	0	0	0	0	0	12220	0	0	0	0	0	0	0	0	0	0	0	24753	0	0	0	0	0	0	0	0	0	0	0	0	0	0	0	935274	0
FFQ	99	0	0	0	0	0	0	0	0	0	0	0	0	12456	0	0	0	0	0	0	0	0	0	0	0	24600	0	0	0	0	0	0	0	0	0	0	0	0	0	0	0	934670	0
FFQ	100	0	0	0	0	0	0	0	0	0	0	0	0	12343	0	0	0	0	0	0	0	0	0	0	0	24902	0	0	0	0	0	0	0	0	0	0	0	0	0	0	0	933919	0
FFQ	101	0	0	0	0	0	0	0	0	0	0	0	0	12558	0	0	0	0	0	0	0	0	0	0	0	25324	0	0	0	0	0	0	0	0	0	0	0	0	0	0	0	932708	0
FFQ	102	0	0	3	0	0	0	0	0	0	0	0	0	12490	0	0	0	0	0	0	0	0	0	0	0	25220	0	0	0	0	0	0	0	0	0	0	0	0	0	0	0	932188	0
FFQ	103	0	0	1133	0	0	0	0	0	0	0	0	0	12962	0	0	0	0	0	0	0	0	0	0	0	25409	0	0	0	0	0	0	0	0	0	0	0	0	0	0	0	929661	0
FFQ	104	0	0	0	0	0	0	0	0	0	0	0	0	12671	0	0	0	0	0	0	0	0	0	0	0	25486	0	0	0	0	0	0	0	0	0	0	0	0	0	0	0	930212	0
FFQ	105	0	0	0	0	0	0	0	0	0	0	0	0	12676	0	0	0	0	0	0	0	0	0	0	0	25268	0	0	0	0	0	0	0	0	0	0	0	0	0	0	0	929627	0
FFQ	106	0	0	0	0	0	0	0	0	0	0	0	0	13427	0	0	0	0	0	0	0	0	0	0	0	25739	0	0	0	0	0	0	0	0	0	0	0	0	0	0	0	927470	0
FFQ	107	0	0	10	0	0	0	0	0	0	0	0	0	12930	0	0	0	0	0	0	0	0	0	0	0	25321	0	0	0	0	0	0	0	0	0	0	0	0	0	0	0	927374	0
FFQ	108	0	0	0	0	0	0	0	0	0	0	0	0	13006	0	0	0	0	0	0	0	0	0	0	0	26141	0	0	0	0	0	0	0	0	0	0	0	0	0	0	0	925474	0
FFQ	109	0	0	0	0	0	0	0	0	0	0	0	0	13187	0	0	0	0	0	0	0	0	0	0	0	25574	0	0	0	0	0	0	0	0	0	0	0	0	0	0	0	924747	0
FFQ	110	0	0	0	0	0	0	0	0	0	0	0	0	13171	0	0	0	0	0	0	0	0	0	0	0	25738	0	0	0	0	0	0	0	0	0	0	0	0	0	0	0	923409	0
FFQ	111	0	0	1	0	0	0	0	0	0	0	0	0	13075	0	0	0	0	0	0	0	0	0	0	0	25895	0	0	0	0	0	0	0	0	0	0	0	0	0	0	0	922037	0
FFQ	112	0	0	2	0	0	0	0	0	0	0	0	0	13324	0	0	0	0	0	0	0	0	0	0	0	25700	0	0	0	0	0	0	0	0	0	0	0	0	0	0	0	920582	0
FFQ	113	0	0	0	0	0	0	0	0	0	0	0	0	13269	0	0	0	0	0	0	0	0	0	0	0	25662	0	0	0	0	0	0	0	0	0	0	0	0	0	0	0	919223	0
FFQ	114	0	0	0	0	0	0	0	0	0	0	0	0	13329	0	0	0	0	0	0	0	0	0	0	0	25960	0	0	0	0	0	0	0	0	0	0	0	0	0	0	0	917340	0
FFQ	115	0	0	540	0	0	0	0	0	0	0	0	0	13288	0	0	0	0	0	0	0	0	0	0	0	25862	0	0	0	0	0	0	0	0	0	0	0	0	0	0	0	915325	0
FFQ	116	0	0	0	0	0	0	0	0	0	0	0	0	13340	0	0	0	0	0	0	0	0	0	0	0	25677	0	0	0	0	0	0	0	0	0	0	0	0	0	0	0	914181	0
FFQ	117	0	0	0	0	0	0	0	0	0	0	0	0	13403	0	0	0	0	0	0	0	0	0	0	0	26338	0	0	0	0	0	0	0	0	0	0	0	0	0	0	0	911625	0
FFQ	118	0	0	0	0	0	0	0	0	0	0	0	0	13287	0	0	0	0	0	0	0	0	0	0	0	26183	0	0	0	0	0	0	0	0	0	0	0	0	0	0	0	909913	0
FFQ	119	0	0	0	0	0	0	0	0	0	0	0	0	13545	0	0	0	0	0	0	0	0	0	0	0	26290	0	0	0	0	0	0	0	0	0	0	0	0	0	0	0	907531	0
FFQ	120	0	0	0	0	0	0	0	0	0	0	0	0	13544	0	0	0	0	0	0	0	0	0	0	0	26106	0	0	0	0	0	0	0	0	0	0	0	0	0	0	0	905609	0
FFQ	121	0	0	0	0	0	0	0	0	0	0	0	0	13504	0	0	0	0	0	0	0	0	0	0	0	26258	0	0	0	0	0	0	0	0	0	0	0	0	0	0	0	903270	0
FFQ	122	0	0	0	0	0	0	0	0	0	0	0	0	13435	0	0	0	0	0	0	0	0	0	0	0	26114	0	0	0	0	0	0	0	0	0	0	0	0	0	0	0	901151	0
FFQ	123	0	0	0	0	0	0	0	0	0	0	0	0	13679	0	0	0	0	0	0	0	0	0	0	0	26247	0	0	0	0	0	0	0	0	0	0	0	0	0	0	0	898303	0
FFQ	124	0	0	0	0	0	0	0	0	0	0	0	0	13579	0	0	0	0	0	0	0	0	0	0	0	26058	0	0	0	0	0	0	0	0	0	0	0	0	0	0	0	896069	0
FFQ	125	0	0	0	0	0	0	0	0	0	0	0	0	13810	0	0	0	0	0	0	0	0	0	0	0	26226	0	0	0	0	0	0	0	0	0	0	0	0	0	0	0	892959	0
FFQ	126	0	0	3	0	0	0	0	0	0	0	0	0	13597	0	0	0	0	0	0	0	0	0	0	0	26350	0	0	0	0	0	0	0	0	0	0	0	0	0	0	0	890250	0
FFQ	127	0	0	0	0	0	0	0	0	0	0	0	0	13607	0	0	0	0	0	0	0	0	0	0	0	26352	0	0	0	0	0	0	0	0	0	0	0	0	0	0	0	887341	0
FFQ	128	0	0	12	0	0	0	0	0	0	0	0	0	13541	0	0	0	0	0	0	0	0	0	0	0	26003	0	0	0	0	0	0	0	0	0	0	0	0	0	0	0	884717	0
FFQ	129	0	0	81	0	0	0	0	0	0	0	0	0	13663	0	0	0	0	0	0	0	0	0	0	0	26131	0	0	0	0	0	0	0	0	0	0	0	0	0	0	0	881235	0
FFQ	130	0	0	0	0	0	0	0	0	0	0	0	0	13987	0	0	0	0	0	0	0	0	0	0	0	26239	0	0	0	0	0	0	0	0	0	0	0	0	0	0	0	877613	0
FFQ	131	0	0	0	0	0	0	0	0	0	0	0	0	13764	0	0	0	0	0	0	0	0	0	0	0	26204	0	0	0	0	0	0	0	0	0	0	0	0	0	0	0	874431	0
FFQ	132	0	0	0	0	0	0	0	0	0	0	0	0	13543	0	0	0	0	0	0	0	0	0	0	0	26290	0	0	0	0	0	0	0	0	0	0	0	0	0	0	0	871130	0
FFQ	133	0	0	0	0	0	0	0	0	0	0	0	0	13621	0	0	0	0	0	0	0	0	0	0	0	26047	0	0	0	0	0	0	0	0	0	0	0	0	0	0	0	867654	0
FFQ	134	0	0	0	0	0	0	0	0	0	0	0	0	13588	0	0	0	0	0	0	0	0	0	0	0	25959	0	0	0	0	0	0	0	0	0	0	0	0	0	0	0	864108	0
FFQ	135	0	0	0	0	0	0	0	0	0	0	0	0	13672	0	0	0	0	0	0	0	0	0	0	0	25966	0	0	0	0	0	0	0	0	0	0	0	0	0	0	0	860101	0
FFQ	136	0	0	0	0	0	0	0	0	0	0	0	0	13804	0	0	0	0	0	0	0	0	0	0	0	25836	0	0	0	0	0	0	0	0	0	0	0	0	0	0	0	856100	0
FFQ	137	0	0	0	0	0	0	0	0	0	0	0	0	13664	0	0	0	0	0	0	0	0	0	0	0	25909	0	0	0	0	0	0	0	0	0	0	0	0	0	0	0	852138	0
FFQ	138	0	0	3809	0	0	0	0	0	0	0	0	0	14002	0	0	0	0	0	0	0	0	0	0	0	25615	0	0	0	0	0	0	0	0	0	0	0	0	0	0	0	844059	0
FFQ	139	0	0	33	0	0	0	0	0	0	0	0	0	13537	0	0	0	0	0	0	0	0	0	0	0	25760	0	0	0	0	0	0	0	0	0	0	0	0	0	0	0	843791	0
FFQ	140	0	0	0	0	0	0	0	0	0	0	0	0	13709	0	0	0	0	0	0	0	0	0	0	0	25680	0	0	0	0	0	0	0	0	0	0	0	0	0	0	0	839257	0
FFQ	141	0	0	10	0	0	0	0	0	0	0	0	0	13522	0	0	0	0	0	0	0	0	0	0	0	25691	0	0	0	0	0	0	0	0	0	0	0	0	0	0	0	834809	0
FFQ	142	0	0	0	0	0	0	0	0	0	0	0	0	13557	0	0	0	0	0	0	0	0	0	0	0	25610	0	0	0	0	0	0	0	0	0	0	0	0	0	0	0	830278	0
FFQ	143	0	0	0	0	0	0	0	0	0	0	0	0	13303	0	0	0	0	0	0	0	0	0	0	0	25535	0	0	0	0	0	0	0	0	0	0	0	0	0	0	0	825772	0
FFQ	144	0	0	0	0	0	0	0	0	0	0	0	0	13315	0	0	0	0	0	0	0	0	0	0	0	25181	0	0	0	0	0	0	0	0	0	0	0	0	0	0	0	821304	0
FFQ	145	0	0	0	0	0	0	0	0	0	0	0	0	13589	0	0	0	0	0	0	0	0	0	0	0	25155	0	0	0	0	0	0	0	0	0	0	0	0	0	0	0	816122	0
FFQ	146	0	0	0	0	0	0	0	0	0	0	0	0	13408	0	0	0	0	0	0	0	0	0	0	0	25088	0	0	0	0	0	0	0	0	0	0	0	0	0	0	0	810779	0
FFQ	147	0	0	0	0	0	0	0	0	0	0	0	0	13604	0	0	0	0	0	0	0	0	0	0	0	25010	0	0	0	0	0	0	0	0	0	0	0	0	0	0	0	805559	0
FFQ	148	0	0	0	0	0	0	0	0	0	0	0	0	13443	0	0	0	0	0	0	0	0	0	0	0	24786	0	0	0	0	0	0	0	0	0	0	0	0	0	0	0	800735	0
FFQ	149	0	0	883	0	0	0	0	0	0	0	0	0	13742	0	0	0	0	0	0	0	0	0	0	0	25073	0	0	0	0	0	0	0	0	0	0	0	0	0	0	0	794016	0
FFQ	150	0	0	4	0	0	0	0	0	0	0	0	0	17042	0	0	0	0	0	0	0	0	0	0	0	30491	0	0	0	0	0	0	0	0	0	0	0	0	0	0	0	780940	0
# Last Fragment Qualities. Use `grep ^LFQ | cut -f 2-` to extract this part.
# Columns correspond to qualities and rows to cycles. First column is the cycle number.
LFQ	1	0	0	2083	0	0	0	0	0	0	0	0	0	19003	0	0	0	0	0	0	0	0	0	0	0	50488	0	0	0	0	0	0	0	0	0	0	0	0	0	0	0	904986	0
LFQ	2	0	0	1467	0	0	0	0	0	0	0	0	0	11238	0	0	0	0	0	0	0	0	0	0	0	24151	0	0	0	0	0	0	0	0	0	0	0	0	0	0	0	939704	0
LFQ	3	0	0	0	0	0	0	0	0	0	0	0	0	10311	0	0	0	0	0	0	0	0	0	0	0	22054	0	0	0	0	0	0	0	0	0	0	0	0	0	0	0	944195	0
LFQ	4	0	0	0	0	0	0	0	0	0	0	0	0	10158	0	0	0	0	0	0	0	0	0	0	0	21161	0	0	0	0	0	0	0	0	0	0	0	0	0	0	0	945241	0
LFQ	5	0	0	6	0	0	0	0	0	0	0	0	0	8811	0	0	0	0	0	0	0	0	0	0	0	19633	0	0	0	0	0	0	0	0	0	0	0	0	0	0	0	948110	0
LFQ	6	0	0	0	0	0	0	0	0	0	0	0	0	8533	0	0	0	0	0	0	0	0	0	0	0	18983	0	0	0	0	0	0	0	0	0	0	0	0	0	0	0	949044	0
LFQ	7	0	0	6	0	0	0	0	0	0	0	0	0	8389	0	0	0	0	0	0	0	0	0	0	0	18848	0	0	0	0	0	0	0	0	0	0	0	0	0	0	0	949317	0
LFQ	8	0	0	80	0	0	0	0	0	0	0	0	0	8002	0	0	0	0	0	0	0	0	0	0	0	18292	0	0	0	0	0	0	0	0	0	0	0	0	0	0	0	950186	0
LFQ	9	0	0	0	0	0	0	0	0	0	0	0	0	7878	0	0	0	0	0	0	0	0	0	0	0	17956	0	0	0	0	0	0	0	0	0	0	0	0	0	0	0	950726	0
LFQ	10	0	0	0	0	0	0	0	0	0	0	0	0	7725	0	0	0	0	0	0	0	0	0	0	0	17658	0	0	0	0	0	0	0	0	0	0	0	0	0	0	0	951177	0
LFQ	11	0	0	0	0	0	0	0	0	0	0	0	0	7353	0	0	0	0	0	0	0	0	0	0	0	17203	0	0	0	0	0	0	0	0	0	0	0	0	0	0	0	952004	0
LFQ	12	0	0	0	0	0	0	0	0	0	0	0	0	7283	0	0	0	0	0	0	0	0	0	0	0	16793	0	0	0	0	0	0	0	0	0	0	0	0	0	0	0	952484	0
LFQ	13	0	0	0	0	0	0	0	0	0	0	0	0	7151	0	0	0	0	0	0	0	0	0	0	0	16629	0	0	0	0	0	0	0	0	0	0	0	0	0	0	0	952780	0
LFQ	14	0	0	0	0	0	0	0	0	0	0	0	0	7166	0	0	0	0	0	0	0	0	0	0	0	16487	0	0	0	0	0	0	0	0	0	0	0	0	0	0	0	952907	0
LFQ	15	0	0	0	0	0	0	0	0	0	0	0	0	7065	0	0	0	0	0	0	0	0	0	0	0	16317	0	0	0	0	0	0	0	0	0	0	0	0	0	0	0	953178	0
LFQ	16	0	0	0	0	0	0	0	0	0	0	0	0	7002	0	0	0	0	0	0	0	0	0	0	0	16347	0	0	0	0	0	0	0	0	0	0	0	0	0	0	0	953211	0
LFQ	17	0	0	0	0	0	0	0	0	0	0	0	0	7016	0	0	0	0	0	0	0	0	0	0	0	16098	0	0	0	0	0	0	0	0	0	0	0	0	0	0	0	953446	0
LFQ	18	0	0	0	0	0	0	0	0	0	0	0	0	6890	0	0	0	0	0	0	0	0	0	0	0	16080	0	0	0	0	0	0	0	0	0	0	0	0	0	0	0	953590	0
LFQ	19	0	0	0	0	0	0	0	0	0	0	0	0	6808	0	0	0	0	0	0	0	0	0	0	0	15942	0	0	0	0	0	0	0	0	0	0	0	0	0	0	0	953810	0
LFQ	20	0	0	7	0	0	0	0	0	0	0	0	0	6805	0	0	0	0	0	0	0	0	0	0	0	15804	0	0	0	0	0	0	0	0	0	0	0	0	0	0	0	953944	0
LFQ	21	0	0	0	0	0	0	0	0	0	0	0	0	6545	0	0	0	0	0	0	0	0	0	0	0	15666	0	0	0	0	0	0	0	0	0	0	0	0	0	0	0	954349	0
LFQ	22	0	0	1	0	0	0	0	0	0	0	0	0	6760	0	0	0	0	0	0	0	0	0	0	0	15540	0	0	0	0	0	0	0	0	0	0	0	0	0	0	0	954259	0
LFQ	23	0	0	0	0	0	0	0	0	0	0	0	0	6744	0	0	0	0	0	0	0	0	0	0	0	15631	0	0	0	0	0	0	0	0	0	0	0	0	0	0	0	954185	0
LFQ	24	0	0	0	0	0	0	0	0	0	0	0	0	6902	0	0	0	0	0	0	0	0	0	0	0	15695	0	0	0	0	0	0	0	0	0	0	0	0	0	0	0	953963	0
LFQ	25	0	0	0	0	0	0	0	0	0	0	0	0	6681	0	0	0	0	0	0	0	0	0	0	0	15622	0	0	0	0	0	0	0	0	0	0	0	0	0	0	0	954257	0
LFQ	26	0	0	0	0	0	0	0	0	0	0	0	0	9602	0	0	0	0	0	0	0	0	0	0	0	21520	0	0	0	0	0	0	0	0	0	0	0	0	0	0	0	945438	0
LFQ	27	0	0	0	0	0	0	0	0	0	0	0	0	9663	0	0	0	0	0	0	0	0	0	0	0	21175	0	0	0	0	0	0	0	0	0	0	0	0	0	0	0	945722	0
LFQ	28	0	0	0	0	0	0	0	0	0	0	0	0	9375	0	0	0	0	0	0	0	0	0	0	0	21062	0	0	0	0	0	0	0	0	0	0	0	0	0	0	0	946123	0
LFQ	29	0	0	0	0	0	0	0	0	0	0	0	0	9509	0	0	0	0	0	0	0	0	0	0	0	20943	0	0	0	0	0	0	0	0	0	0	0	0	0	0	0	946108	0
LFQ	30	0	0	11	0	0	0	0	0	0	0	0	0	9421	0	0	0	0	0	0	0	0	0	0	0	20939	0	0	0	0	0	0	0	0	0	0	0	0	0	0	0	946189	0
LFQ	31	0	0	0	0	0	0	0	0	0	0	0	0	9528	0	0	0	0	0	0	0	0	0	0	0	20931	0	0	0	0	0	0	0	0	0	0	0	0	0	0	0	946100	0
LFQ	32	0	0	0	0	0	0	0	0	0	0	0	0	9579	0	0	0	0	0	0	0	0	0	0	0	20647	0	0	0	0	0	0	0	0	0	0	0	0	0	0	0	946332	0
LFQ	33	0	0	0	0	0	0	0	0	0	0	0	0	9340	0	0	0	0	0	0	0	0	0	0	0	20810	0	0	0	0	0	0	0	0	0	0	0	0	0	0	0	946406	0
LFQ	34	0	0	0	0	0	0	0	0	0	0	0	0	9301	0	0	0	0	0	0	0	0	0	0	0	20531	0	0	0	0	0	0	0	0	0	0	0	0	0	0	0	946724	0
LFQ	35	0	0	0	0	0	0	0	0	0	0	0	0	9323	0	0	0	0	0	0	0	0	0	0	0	20720	0	0	0	0	0	0	0	0	0	0	0	0	0	0	0	946512	0
LFQ	36	0	0	0	0	0	0	0	0	0	0	0	0	9370	0	0	0	0	0	0	0	0	0	0	0	20691	0	0	0	0	0	0	0	0	0	0	0	0	0	0	0	946490	0
LFQ	37	0	0	0	0	0	0	0	0	0	0	0	0	9529	0	0	0	0	0	0	0	0	0	0	0	20797	0	0	0	0	0	0	0	0	0	0	0	0	0	0	0	946224	0
LFQ	38	0	0	3	0	0	0	0	0	0	0	0	0	9168	0	0	0	0	0	0	0	0	0	0	0	20455	0	0	0	0	0	0	0	0	0	0	0	0	0	0	0	946923	0
LFQ	39	0	0	5	0	0	0	0	0	0	0	0	0	9583	0	0	0	0	0	0	0	0	0	0	0	20658	0	0	0	0	0	0	0	0	0	0	0	0	0	0	0	946301	0
LFQ	40	0	0	0	0	0	0	0	0	0	0	0	0	9409	0	0	0	0	0	0	0	0	0	0	0	20817	0	0	0	0	0	0	0	0	0	0	0	0	0	0	0	946319	0
LFQ	41	0	0	7	0	0	0	0	0	0	0	0	0	9458	0	0	0	0	0	0	0	0	0	0	0	20519	0	0	0	0	0	0	0	0	0	0	0	0	0	0	0	946561	0
LFQ	42	0	0	0	0	0	0	0	0	0	0	0	0	9456	0	0	0	0	0	0	0	0	0	0	0	20404	0	0	0	0	0	0	0	0	0	0	0	0	0	0	0	946682	0
LFQ	43	0	0	72	0	0	0	0	0	0	0	0	0	9428	0	0	0	0	0	0	0	0	0	0	0	20496	0	0	0	0	0	0	0	0	0	0	0	0	0	0	0	946541	0
LFQ	44	0	0	338	0	0	0	0	0	0	0	0	0	9484	0	0	0	0	0	0	0	0	0	0	0	20434	0	0	0	0	0	0	0	0	0	0	0	0	0	0	0	946277	0
LFQ	45	0	0	0	0	0	0	0	0	0	0	0	0	9229	0	0	0	0	0	0	0	0	0	0	0	20642	0	0	0	0	0	0	0	0	0	0	0	0	0	0	0	946659	0
LFQ	46	0	0	0	0	0	0	0	0	0	0	0	0	9399	0	0	0	0	0	0	0	0	0	0	0	20325	0	0	0	0	0	0	0	0	0	0	0	0	0	0	0	946806	0
LFQ	47	0	0	7	0	0	0	0	0	0	0	0	0	9316	0	0	0	0	0	0	0	0	0	0	0	20541	0	0	0	0	0	0	0	0	0	0	0	0	0	0	0	946663	0
LFQ	48	0	0	6	0	0	0	0	0	0	0	0	0	9397	0	0	0	0	0	0	0	0	0	0	0	20674	0	0	0	0	0	0	0	0	0	0	0	0	0	0	0	946449	0
LFQ	49	0	0	0	0	0	0	0	0	0	0	0	0	9468	0	0	0	0	0	0	0	0	0	0	0	20369	0	0	0	0	0	0	0	0	0	0	0	0	0	0	0	946683	0
LFQ	50	0	0	2	0	0	0	0	0	0	0	0	0	9390	0	0	0	0	0	0	0	0	0	0	0	20261	0	0	0	0	0	0	0	0	0	0	0	0	0	0	0	946866	0
LFQ	51	0	0	0	0	0	0	0	0	0	0	0	0	9282	0	0	0	0	0	0	0	0	0	0	0	20471	0	0	0	0	0	0	0	0	0	0	0	0	0	0	0	946764	0
LFQ	52	0	0	0	0	0	0	0	0	0	0	0	0	9314	0	0	0	0	0	0	0	0	0	0	0	20323	0	0	0	0	0	0	0	0	0	0	0	0	0	0	0	946878	0
LFQ	53	0	0	0	0	0	0	0	0	0	0	0	0	9275	0	0	0	0	0	0	0	0	0	0	0	20241	0	0	0	0	0	0	0	0	0	0	0	0	0	0	0	946997	0
LFQ	54	0	0	0	0	0	0	0	0	0	0	0	0	9449	0	0	0	0	0	0	0	0	0	0	0	20397	0	0	0	0	0	0	0	0	0	0	0	0	0	0	0	946662	0
LFQ	55	0	0	65	0	0	0	0	0	0	0	0	0	9488	0	0	0	0	0	0	0	0	0	0	0	20436	0	0	0	0	0	0	0	0	0	0	0	0	0	0	0	946518	0
LFQ	56	0	0	164	0	0	0	0	0	0	0	0	0	9423	0	0	0	0	0	0	0	0	0	0	0	20355	0	0	0	0	0	0	0	0	0	0	0	0	0	0	0	946558	0
LFQ	57	0	0	0	0	0	0	0	0	0	0	0	0	9541	0	0	0	0	0	0	0	0	0	0	0	20422	0	0	0	0	0	0	0	0	0	0	0	0	0	0	0	946536	0
LFQ	58	0	0	0	0	0	0	0	0	0	0	0	0	9296	0	0	0	0	0	0	0	0	0	0	0	20510	0	0	0	0	0	0	0	0	0	0	0	0	0	0	0	946686	0
LFQ	59	0	0	0	0	0	0	0	0	0	0	0	0	9302	0	0	0	0	0	0	0	0	0	0	0	20286	0	0	0	0	0	0	0	0	0	0	0	0	0	0	0	946897	0
LFQ	60	0	0	0	0	0	0	0	0	0	0	0	0	9554	0	0	0	0	0	0	0	0	0	0	0	20324	0	0	0	0	0	0	0	0	0	0	0	0	0	0	0	946604	0
LFQ	61	0	0	0	0	0	0	0	0	0	0	0	0	9325	0	0	0	0	0	0	0	0	0	0	0	20177	0	0	0	0	0	0	0	0	0	0	0	0	0	0	0	946971	0
LFQ	62	0	0	1	0	0	0	0	0	0	0	0	0	9488	0	0	0	0	0	0	0	0	0	0	0	20587	0	0	0	0	0	0	0	0	0	0	0	0	0	0	0	946384	0
LFQ	63	0	0	1	0	0	0	0	0	0	0	0	0	9373	0	0	0	0	0	0	0	0	0	0	0	20618	0	0	0	0	0	0	0	0	0	0	0	0	0	0	0	946451	0
LFQ	64	0	0	0	0	0	0	0	0	0	0	0	0	9701	0	0	0	0	0	0	0	0	0	0	0	20427	0	0	0	0	0	0	0	0	0	0	0	0	0	0	0	946302	0
LFQ	65	0	0	0	0	0	0	0	0	0	0	0	0	9637	0	0	0	0	0	0	0	0	0	0	0	20445	0	0	0	0	0	0	0	0	0	0	0	0	0	0	0	946330	0
LFQ	66	0	0	2	0	0	0	0	0	0	0	0	0	9525	0	0	0	0	0	0	0	0	0	0	0	20443	0	0	0	0	0	0	0	0	0	0	0	0	0	0	0	946428	0
LFQ	67	0	0	0	0	0	0	0	0	0	0	0	0	9867	0	0	0	0	0	0	0	0	0	0	0	20624	0	0	0	0	0	0	0	0	0	0	0	0	0	0	0	945899	0
LFQ	68	0	0	0	0	0	0	0	0	0	0	0	0	9697	0	0	0	0	0	0	0	0	0	0	0	20545	0	0	0	0	0	0	0	0	0	0	0	0	0	0	0	946133	0
LFQ	69	0	0	28	0	0	0	0	0	0	0	0	0	9638	0	0	0	0	0	0	0	0	0	0	0	20776	0	0	0	0	0	0	0	0	0	0	0	0	0	0	0	945913	0
LFQ	70	0	0	0	0	0	0	0	0	0	0	0	0	9941	0	0	0	0	0	0	0	0	0	0	0	20757	0	0	0	0	0	0	0	0	0	0	0	0	0	0	0	945631	0
LFQ	71	0	0	0	0	0	0	0	0	0	0	0	0	9662	0	0	0	0	0	0	0	0	0	0	0	21011	0	0	0	0	0	0	0	0	0	0	0	0	0	0	0	945631	0
LFQ	72	0	0	0	0	0	0	0	0	0	0	0	0	9836	0	0	0	0	0	0	0	0	0	0	0	21018	0	0	0	0	0	0	0	0	0	0	0	0	0	0	0	945417	0
LFQ	73	0	0	3	0	0	0	0	0	0	0	0	0	9670	0	0	0	0	0	0	0	0	0	0	0	20773	0	0	0	0	0	0	0	0	0	0	0	0	0	0	0	945792	0
LFQ	74	0	0	0	0	0	0	0	0	0	0	0	0	9915	0	0	0	0	0	0	0	0	0	0	0	20798	0	0	0	0	0	0	0	0	0	0	0	0	0	0	0	945483	0
LFQ	75	0	0	6	0	0	0	0	0	0	0	0	0	9723	0	0	0	0	0	0	0	0	0	0	0	20544	0	0	0	0	0	0	0	0	0	0	0	0	0	0	0	945871	0
LFQ	76	0	0	0	0	0	0	0	0	0	0	0	0	10024	0	0	0	0	0	0	0	0	0	0	0	20691	0	0	0	0	0	0	0	0	0	0	0	0	0	0	0	945387	0
LFQ	77	0	0	0	0	0	0	0	0	0	0	0	0	9918	0	0	0	0	0	0	0	0	0	0	0	21297	0	0	0	0	0	0	0	0	0	0	0	0	0	0	0	944829	0
LFQ	78	0	0	0	0	0	0	0	0	0	0	0	0	10048	0	0	0	0	0	0	0	0	0	0	0	21081	0	0	0	0	0	0	0	0	0	0	0	0	0	0	0	944850	0
LFQ	79	0	0	0	0	0	0	0	0	0	0	0	0	9870	0	0	0	0	0	0	0	0	0	0	0	21141	0	0	0	0	0	0	0	0	0	0	0	0	0	0	0	944903	0
LFQ	80	0	0	0	0	0	0	0	0	0	0	0	0	9978	0	0	0	0	0	0	0	0	0	0	0	21204	0	0	0	0	0	0	0	0	0	0	0	0	0	0	0	944644	0
LFQ	81	0	0	0	0	0	0	0	0	0	0	0	0	9909	0	0	0	0	0	0	0	0	0	0	0	21240	0	0	0	0	0	0	0	0	0	0	0	0	0	0	0	944578	0
LFQ	82	0	0	0	0	0	0	0	0	0	0	0	0	10287	0	0	0	0	0	0	0	0	0	0	0	21396	0	0	0	0	0	0	0	0	0	0	0	0	0	0	0	943967	0
LFQ	83	0	0	0	0	0	0	0	0	0	0	0	0	10055	0	0	0	0	0	0	0	0	0	0	0	21344	0	0	0	0	0	0	0	0	0	0	0	0	0	0	0	944133	0
LFQ	84	0	0	7	0	0	0	0	0	0	0	0	0	10055	0	0	0	0	0	0	0	0	0	0	0	21586	0	0	0	0	0	0	0	0	0	0	0	0	0	0	0	943764	0
LFQ	85	0	0	0	0	0	0	0	0	0	0	0	0	10226	0	0	0	0	0	0	0	0	0	0	0	21415	0	0	0	0	0	0	0	0	0	0	0	0	0	0	0	943643	0
LFQ	86	0	0	0	0	0	0	0	0	0	0	0	0	10159	0	0	0	0	0	0	0	0	0	0	0	21440	0	0	0	0	0	0	0	0	0	0	0	0	0	0	0	943549	0
LFQ	87	0	0	0	0	0	0	0	0	0	0	0	0	10192	0	0	0	0	0	0	0	0	0	0	0	21358	0	0	0	0	0	0	0	0	0	0	0	0	0	0	0	943445	0
LFQ	88	0	0	0	0	0	0	0	0	0	0	0	0	10111	0	0	0	0	0	0	0	0	0	0	0	21478	0	0	0	0	0	0	0	0	0	0	0	0	0	0	0	943230	0
LFQ	89	0	0	0	0	0	0	0	0	0	0	0	0	10194	0	0	0	0	0	0	0	0	0	0	0	21324	0	0	0	0	0	0	0	0	0	0	0	0	0	0	0	943098	0
LFQ	90	0	0	0	0	0	0	0	0	0	0	0	0	10156	0	0	0	0	0	0	0	0	0	0	0	21289	0	0	0	0	0	0	0	0	0	0	0	0	0	0	0	942976	0
LFQ	91	0	0	0	0	0	0	0	0	0	0	0	0	10349	0	0	0	0	0	0	0	0	0	0	0	21680	0	0	0	0	0	0	0	0	0	0	0	0	0	0	0	942141	0
LFQ	92	0	0	0	0	0	0	0	0	0	0	0	0	10142	0	0	0	0	0	0	0	0	0	0	0	21614	0	0	0	0	0	0	0	0	0	0	0	0	0	0	0	942130	0
LFQ	93	0	0	0	0	0	0	0	0	0	0	0	0	10407	0	0	0	0	0	0	0	0	0	0	0	22008	0	0	0	0	0	0	0	0	0	0	0	0	0	0	0	941165	0
LFQ	94	0	0	0	0	0	0	0	0	0	0	0	0	10615	0	0	0	0	0	0	0	0	0	0	0	21932	0	0	0	0	0	0	0	0	0	0	0	0	0	0	0	940703	0
LFQ	95	0	0	10	0	0	0	0	0	0	0	0	0	10519	0	0	0	0	0	0	0	0	0	0	0	21836	0	0	0	0	0	0	0	0	0	0	0	0	0	0	0	940510	0
LFQ	96	0	0	6	0	0	0	0	0	0	0	0	0	10696	0	0	0	0	0	0	0	0	0	0	0	22038	0	0	0	0	0	0	0	0	0	0	0	0	0	0	0	939748	0
LFQ	97	0	0	0	0	0	0	0	0	0	0	0	0	10803	0	0	0	0	0	0	0	0	0	0	0	21782	0	0	0	0	0	0	0	0	0	0	0	0	0	0	0	939439	0
LFQ	98	0	0	0	0	0	0	0	0	0	0	0	0	10721	0	0	0	0	0	0	0	0	0	0	0	22288	0	0	0	0	0	0	0	0	0	0	0	0	0	0	0	938515	0
LFQ	99	0	0	0	0	0	0	0	0	0	0	0	0	10613	0	0	0	0	0	0	0	0	0	0	0	22062	0	0	0	0	0	0	0	0	0	0	0	0	0	0	0	938326	0
LFQ	100	0	0	0	0	0	0	0	0	0	0	0	0	10765	0	0	0	0	0	0	0	0	0	0	0	22000	0	0	0	0	0	0	0	0	0	0	0	0	0	0	0	937674	0
LFQ	101	0	0	2	0	0	0	0	0	0	0	0	0	11029	0	0	0	0	0	0	0	0	0	0	0	22450	0	0	0	0	0	0	0	0	0	0	0	0	0	0	0	936385	0
LFQ	102	0	0	0	0	0	0	0	0	0	0	0	0	10720	0	0	0	0	0	0	0	0	0	0	0	22318	0	0	0	0	0	0	0	0	0	0	0	0	0	0	0	936140	0
LFQ	103	0	0	0	0	0	0	0	0	0	0	0	0	10933	0	0	0	0	0	0	0	0	0	0	0	22367	0	0	0	0	0	0	0	0	0	0	0	0	0	0	0	935143	0
LFQ	104	0	0	0	0	0	0	0	0	0	0	0	0	10845	0	0	0	0	0	0	0	0	0	0	0	22648	0	0	0	0	0	0	0	0	0	0	0	0	0	0	0	934156	0
LFQ	105	0	0	0	0	0	0	0	0	0	0	0	0	10946	0	0	0	0	0	0	0	0	0	0	0	22669	0	0	0	0	0	0	0	0	0	0	0	0	0	0	0	933236	0
LFQ	106	0	0	0	0	0	0	0	0	0	0	0	0	10839	0	0	0	0	0	0	0	0	0	0	0	22766	0	0	0	0	0	0	0	0	0	0	0	0	0	0	0	932314	0
LFQ	107	0	0	6	0	0	0	0	0	0	0	0	0	10946	0	0	0	0	0	0	0	0	0	0	0	22711	0	0	0	0	0	0	0	0	0	0	0	0	0	0	0	931255	0
LFQ	108	0	0	0	0	0	0	0	0	0	0	0	0	10728	0	0	0	0	0	0	0	0	0	0	0	22558	0	0	0	0	0	0	0	0	0	0	0	0	0	0	0	930620	0
LFQ	109	0	0	1	0	0	0	0	0	0	0	0	0	11132	0	0	0	0	0	0	0	0	0	0	0	22518	0	0	0	0	0	0	0	0	0	0	0	0	0	0	0	929140	0
LFQ	110	0	0	0	0	0	0	0	0	0	0	0	0	11210	0	0	0	0	0	0	0	0	0	0	0	22819	0	0	0	0	0	0	0	0	0	0	0	0	0	0	0	927570	0
LFQ	111	0	0	0	0	0	0	0	0	0	0	0	0	11301	0	0	0	0	0	0	0	0	0	0	0	22713	0	0	0	0	0	0	0	0	0	0	0	0	0	0	0	926277	0
LFQ	112	0	0	0	0	0	0	0	0	0	0	0	0	11174	0	0	0	0	0	0	0	0	0	0	0	22848	0	0	0	0	0	0	0	0	0	0	0	0	0	0	0	924870	0
LFQ	113	0	0	0	0	0	0	0	0	0	0	0	0	11144	0	0	0	0	0	0	0	0	0	0	0	22732	0	0	0	0	0	0	0	0	0	0	0	0	0	0	0	923567	0
LFQ	114	0	0	0	0	0	0	0	0	0	0	0	0	11228	0	0	0	0	0	0	0	0	0	0	0	22824	0	0	0	0	0	0	0	0	0	0	0	0	0	0	0	921866	0
LFQ	115	0	0	0	0	0	0	0	0	0	0	0	0	11542	0	0	0	0	0	0	0	0	0	0	0	22965	0	0	0	0	0	0	0	0	0	0	0	0	0	0	0	919796	0
LFQ	116	0	0	0	0	0	0	0	0	0	0	0	0	11392	0	0	0	0	0	0	0	0	0	0	0	22921	0	0	0	0	0	0	0	0	0	0	0	0	0	0	0	918175	0
LFQ	117	0	0	0	0	0	0	0	0	0	0	0	0	11260	0	0	0	0	0	0	0	0	0	0	0	23303	0	0	0	0	0	0	0	0	0	0	0	0	0	0	0	916095	0
LFQ	118	0	0	10	0	0	0	0	0	0	0	0	0	11440	0	0	0	0	0	0	0	0	0	0	0	22934	0	0	0	0	0	0	0	0	0	0	0	0	0	0	0	914292	0
LFQ	119	0	0	67	0	0	0	0	0	0	0	0	0	11453	0	0	0	0	0	0	0	0	0	0	0	22929	0	0	0	0	0	0	0	0	0	0	0	0	0	0	0	912211	0
LFQ	120	0	0	0	0	0	0	0	0	0	0	0	0	11620	0	0	0	0	0	0	0	0	0	0	0	22841	0	0	0	0	0	0	0	0	0	0	0	0	0	0	0	910099	0
LFQ	121	0	0	1	0	0	0	0	0	0	0	0	0	11411	0	0	0	0	0	0	0	0	0	0	0	23100	0	0	0	0	0	0	0	0	0	0	0	0	0	0	0	907827	0
LFQ	122	0	0	56	0	0	0	0	0	0	0	0	0	11772	0	0	0	0	0	0	0	0	0	0	0	23136	0	0	0	0	0	0	0	0	0	0	0	0	0	0	0	905049	0
LFQ	123	0	0	0	0	0	0	0	0	0	0	0	0	11447	0	0	0	0	0	0	0	0	0	0	0	23209	0	0	0	0	0	0	0	0	0	0	0	0	0	0	0	902889	0
LFQ	124	0	0	0	0	0	0	0	0	0	0	0	0	11495	0	0	0	0	0	0	0	0	0	0	0	23223	0	0	0	0	0	0	0	0	0	0	0	0	0	0	0	900305	0
LFQ	125	0	0	0	0	0	0	0	0	0	0	0	0	11317	0	0	0	0	0	0	0	0	0	0	0	23120	0	0	0	0	0	0	0	0	0	0	0	0	0	0	0	897879	0
LFQ	126	0	0	0	0	0	0	0	0	0	0	0	0	11487	0	0	0	0	0	0	0	0	0	0	0	23016	0	0	0	0	0	0	0	0	0	0	0	0	0	0	0	895021	0
LFQ	127	0	0	0	0	0	0	0	0	0	0	0	0	11593	0	0	0	0	0	0	0	0	0	0	0	23119	0	0	0	0	0	0	0	0	0	0	0	0	0	0	0	891918	0
LFQ	128	0	0	8	0	0	0	0	0	0	0	0	0	11481	0	0	0	0	0	0	0	0	0	0	0	23216	0	0	0	0	0	0	0	0	0	0	0	0	0	0	0	888902	0
LFQ	129	0	0	175	0	0	0	0	0	0	0	0	0	11598	0	0	0	0	0	0	0	0	0	0	0	23177	0	0	0	0	0	0	0	0	0	0	0	0	0	0	0	885496	0
LFQ	130	0	0	0	0	0	0	0	0	0	0	0	0	11699	0	0	0	0	0	0	0	0	0	0	0	23173	0	0	0	0	0	0	0	0	0	0	0	0	0	0	0	882313	0
LFQ	131	0	0	16	0	0	0	0	0	0	0	0	0	11491	0	0	0	0	0	0	0	0	0	0	0	23202	0	0	0	0	0	0	0	0	0	0	0	0	0	0	0	879038	0
LFQ	132	0	0	19	0	0	0	0	0	0	0	0	0	11642	0	0	0	0	0	0	0	0	0	0	0	23046	0	0	0	0	0	0	0	0	0	0	0	0	0	0	0	875608	0
LFQ	133	0	0	10	0	0	0	0	0	0	0	0	0	11830	0	0	0	0	0	0	0	0	0	0	0	23118	0	0	0	0	0	0	0	0	0	0	0	0	0	0	0	871719	0
LFQ	134	0	0	0	0	0	0	0	0	0	0	0	0	11448	0	0	0	0	0	0	0	0	0	0	0	22793	0	0	0	0	0	0	0	0	0	0	0	0	0	0	0	868773	0
LFQ	135	0	0	0	0	0	0	0	0	0	0	0	0	11388	0	0	0	0	0	0	0	0	0	0	0	22780	0	0	0	0	0	0	0	0	0	0	0	0	0	0	0	864935	0
LFQ	136	0	0	0	0	0	0	0	0	0	0	0	0	11665	0	0	0	0	0	0	0	0	0	0	0	22753	0	0	0	0	0	0	0	0	0	0	0	0	0	0	0	860695	0
LFQ	137	0	0	13	0	0	0	0	0	0	0	0	0	11532	0	0	0	0	0	0	0	0	0	0	0	22974	0	0	0	0	0	0	0	0	0	0	0	0	0	0	0	856570	0
LFQ	138	0	0	0	0	0	0	0	0	0	0	0	0	11296	0	0	0	0	0	0	0	0	0	0	0	22648	0	0	0	0	0	0	0	0	0	0	0	0	0	0	0	852924	0
LFQ	139	0	0	2	0	0	0	0	0	0	0	0	0	11353	0	0	0	0	0	0	0	0	0	0	0	22449	0	0	0	0	0	0	0	0	0	0	0	0	0	0	0	848704	0
LFQ	140	0	0	0	0	0	0	0	0	0	0	0	0	11312	0	0	0	0	0	0	0	0	0	0	0	22613	0	0	0	0	0	0	0	0	0	0	0	0	0	0	0	844116	0
LFQ	141	0	0	3	0	0	0	0	0	0	0	0	0	11505	0	0	0	0	0	0	0	0	0	0	0	22475	0	0	0	0	0	0	0	0	0	0	0	0	0	0	0	839456	0
LFQ	142	0	0	4	0	0	0	0	0	0	0	0	0	11411	0	0	0	0	0	0	0	0	0	0	0	22537	0	0	0	0	0	0	0	0	0	0	0	0	0	0	0	834915	0
LFQ	143	0	0	0	0	0	0	0	0	0	0	0	0	11490	0	0	0	0	0	0	0	0	0	0	0	22692	0	0	0	0	0	0	0	0	0	0	0	0	0	0	0	829852	0
LFQ	144	0	0	0	0	0	0	0	0	0	0	0	0	11308	0	0	0	0	0	0	0	0	0	0	0	22442	0	0	0	0	0	0	0	0	0	0	0	0	0	0	0	825490	0
LFQ	145	0	0	0	0	0	0	0	0	0	0	0	0	11522	0	0	0	0	0	0	0	0	0	0	0	22015	0	0	0	0	0	0	0	0	0	0	0	0	0	0	0	820774	0
LFQ	146	0	0	6	0	0	0	0	0	0	0	0	0	11245	0	0	0	0	0	0	0	0	0	0	0	22018	0	0	0	0	0	0	0	0	0	0	0	0	0	0	0	815428	0
LFQ	147	0	0	62	0	0	0	0	0	0	0	0	0	11154	0	0	0	0	0	0	0	0	0	0	0	22134	0	0	0	0	0	0	0	0	0	0	0	0	0	0	0	810245	0
LFQ	148	0	0	18	0	0	0	0	0	0	0	0	0	11291	0	0	0	0	0	0	0	0	0	0	0	22214	0	0	0	0	0	0	0	0	0	0	0	0	0	0	0	804863	0
LFQ	149	0	0	53	0	0	0	0	0	0	0	0	0	11177	0	0	0	0	0	0	0	0	0	0	0	21847	0	0	0	0	0	0	0	0	0	0	0	0	0	0	0	800059	0
LFQ	150	0	0	0	0	0	0	0	0	0	0	0	0	14625	0	0	0	0	0	0	0	0	0	0	0	27394	0	0	0	0	0	0	0	0	0	0	0	0	0	0	0	785880	0
# GC Content of first fragments. Use `grep ^GCF | cut -f 2-` to extract this part.
GCF	7.54	0
GCF	15.33	5
GCF	16.08	3
GCF	16.83	12
GCF	17.34	15
GCF	17.84	31
GCF	18.34	32
GCF	18.84	41
GCF	19.35	58
GCF	19.85	100
GCF	20.35	104
GCF	20.85	159
GCF	21.36	276
GCF	21.86	400
GCF	22.36	412
GCF	22.86	619
GCF	23.37	898
GCF	23.87	1171
GCF	24.37	1243
GCF	24.87	1592
GCF	25.38	2133
GCF	25.88	2656
GCF	26.38	2723
GCF	26.88	3655
GCF	27.39	4399
GCF	27.89	5467
GCF	28.39	5638
GCF	28.89	6537
GCF	29.40	7898
GCF	29.90	9185
GCF	30.40	9463
GCF	30.90	10654
GCF	31.41	11814
GCF	31.91	13316
GCF	32.41	13572
GCF	32.91	14772
GCF	33.42	15493
GCF	33.92	16796
GCF	34.42	17927
GCF	34.92	18279
GCF	35.43	19049
GCF	35.93	19439
GCF	36.43	20265
GCF	36.93	20432
GCF	37.44	21074
GCF	37.94	21322
GCF	38.44	21809
GCF	38.94	21782
GCF	39.45	21936
GCF	39.95	22080
GCF	40.45	22242
GCF	40.95	22209
GCF	41.46	22521
GCF	41.96	22215
GCF	42.46	21891
GCF	42.96	22026
GCF	43.47	22086
GCF	43.97	21791
GCF	44.47	21591
GCF	44.97	21508
GCF	45.48	20911
GCF	45.98	20776
GCF	46.48	20494
GCF	46.98	20446
GCF	47.49	19743
GCF	47.99	19317
GCF	48.49	19387
GCF	48.99	19308
GCF	49.50	19175
GCF	50.00	18656
GCF	50.50	18379
GCF	51.01	18239
GCF	51.51	18106
GCF	52.01	17826
GCF	52.51	18033
GCF	53.02	18053
GCF	53.52	17637
GCF	54.02	17220
GCF	54.52	16973
GCF	55.03	17081
GCF	55.53	16638
GCF	56.03	15883
GCF	56.53	15241
GCF	57.04	15284
GCF	57.54	15090
GCF	58.04	14787
GCF	58.54	14546
GCF	59.05	14505
GCF	59.55	14251
GCF	60.05	13909
GCF	60.55	13692
GCF	61.06	13558
GCF	61.56	12619
GCF	62.06	12203
GCF	62.56	11185
GCF	63.07	11169
GCF	63.57	10291
GCF	64.07	9683
GCF	64.57	8987
GCF	65.08	8780
GCF	65.58	7956
GCF	66.08	7166
GCF	66.58	6218
GCF	67.09	5542
GCF	67.59	5356
GCF	68.09	4483
GCF	68.59	3864
GCF	69.10	3106
GCF	69.60	3076
GCF	70.10	2746
GCF	70.60	2347
GCF	71.11	1918
GCF	71.61	1861
GCF	72.11	1566
GCF	72.61	1163
GCF	73.12	935
GCF	73.62	914
GCF	74.12	724
GCF	74.62	596
GCF	75.13	374
GCF	75.63	365
GCF	76.13	261
GCF	76.63	187
GCF	77.14	123
GCF	77.64	108
GCF	78.14	63
GCF	78.64	57
GCF	79.15	28
GCF	79.65	23
GCF	80.15	20
GCF	80.65	16
GCF	81.16	5
GCF	81.66	4
GCF	82.16	1
GCF	82.66	3
GCF	83.42	2
# GC Content of last fragments. Use `grep ^GCL | cut -f 2-` to extract this part.
GCL	6.78	0
GCL	14.32	1
GCL	15.33	0
GCL	16.08	1
GCL	16.83	6
GCL	17.34	16
GCL	17.84	21
GCL	18.34	22
GCL	18.84	34
GCL	19.35	63
GCL	19.85	93
GCL	20.35	96
GCL	20.85	166
GCL	21.36	279
GCL	21.86	367
GCL	22.36	382
GCL	22.86	596
GCL	23.37	810
GCL	23.87	1159
GCL	24.37	1234
GCL	24.87	1534
GCL	25.38	2055
GCL	25.88	2658
GCL	26.38	2730
GCL	26.88	3466
GCL	27.39	4452
GCL	27.89	5485
GCL	28.39	5621
GCL	28.89	6627
GCL	29.40	7848
GCL	29.90	9008
GCL	30.40	9272
GCL	30.90	10417
GCL	31.41	11569
GCL	31.91	13144
GCL	32.41	13366
GCL	32.91	14690
GCL	33.42	15520
GCL	33.92	16770
GCL	34.42	17588
GCL	34.92	17837
GCL	35.43	18892
GCL	35.93	19816
GCL	36.43	20127
GCL	36.93	20272
GCL	37.44	21182
GCL	37.94	21606
GCL	38.44	21733
GCL	38.94	21703
GCL	39.45	21965
GCL	39.95	21990
GCL	40.45	22310
GCL	40.95	22337
GCL	41.46	22319
GCL	41.96	22136
GCL	42.46	21976
GCL	42.96	22089
GCL	43.47	22237
GCL	43.97	22158
GCL	44.47	21821
GCL	44.97	21697
GCL	45.48	21199
GCL	45.98	20770
GCL	46.48	20207
GCL	46.98	20146
GCL	47.49	19895
GCL	47.99	19461
GCL	48.49	19473
GCL	48.99	19345
GCL	49.50	19155
GCL	50.00	18772
GCL	50.50	18260
GCL	51.01	18163
GCL	51.51	18024
GCL	52.01	17915
GCL	52.51	17830
GCL	53.02	17821
GCL	53.52	17586
GCL	54.02	17422
GCL	54.52	16827
GCL	55.03	16902
GCL	55.53	16364
GCL	56.03	16064
GCL	56.53	15540
GCL	57.04	15524
GCL	57.54	14801
GCL	58.04	14981
GCL	58.54	14454
GCL	59.05	14357
GCL	59.55	14434
GCL	60.05	14063
GCL	60.55	13465
GCL	61.06	13326
GCL	61.56	12710
GCL	62.06	12334
GCL	62.56	11315
GCL	63.07	11308
GCL	63.57	10438
GCL	64.07	9488
GCL	64.57	8927
GCL	65.08	8741
GCL	65.58	7912
GCL	66.08	7036
GCL	66.58	6213
GCL	67.09	5414
GCL	67.59	5203
GCL	68.09	4479
GCL	68.59	3760
GCL	69.10	3097
GCL	69.60	3069
GCL	70.10	2789
GCL	70.60	2328
GCL	71.11	1925
GCL	71.61	1858
GCL	72.11	1546
GCL	72.61	1160
GCL	73.12	910
GCL	73.62	896
GCL	74.12	720
GCL	74.62	573
GCL	75.13	403
GCL	75.63	402
GCL	76.13	274
GCL	76.63	177
GCL	77.14	121
GCL	77.64	110
GCL	78.14	74
GCL	78.64	41
GCL	79.15	35
GCL	79.65	32
GCL	80.15	16
GCL	80.65	13
GCL	81.16	7
GCL	81.66	4
GCL	82.41	2
GCL	83.42	3
GCL	84.42	0
GCL	85.68	1
GCL	86.68	0
GCL	88.44	1
GCL	90.20	2
GCL	90.70	0
GCL	91.46	1
GCL	92.21	0
GCL	92.71	2
GCL	93.72	0
GCL	95.23	1
GCL	97.24	0
GCL	98.74	4
GCL	99.50	1
# ACGT content per cycle. Use `grep ^GCC | cut -f 2-` to extract this part. The columns are: cycle; A,C,G,T base counts as a percentage of all A/C/G/T bases [%]; and N and O counts as a percentage of all A/C/G/T bases [%]
GCC	1	27.88	21.60	22.47	28.06	0.11	0.00
GCC	2	28.13	21.51	22.38	27.98	0.25	0.00
GCC	3	27.54	22.00	22.99	27.48	0.00	0.00
GCC	4	26.62	23.00	23.91	26.46	0.04	0.00
GCC	5	26.72	22.95	23.81	26.52	0.00	0.00
GCC	6	26.56	23.06	24.02	26.36	0.00	0.00
GCC	7	26.77	22.91	23.81	26.51	0.00	0.00
GCC	8	26.94	22.74	23.65	26.67	0.00	0.00
GCC	9	26.84	22.77	23.61	26.78	0.05	0.00
GCC	10	27.06	22.59	23.52	26.83	0.00	0.00
GCC	11	27.12	22.49	23.48	26.91	0.00	0.00
GCC	12	27.07	22.50	23.57	26.86	0.00	0.00
GCC	13	27.10	22.45	23.48	26.97	0.00	0.00
GCC	14	27.09	22.48	23.51	26.91	0.00	0.00
GCC	15	27.04	22.54	23.65	26.77	0.00	0.00
GCC	16	26.94	22.60	23.70	26.75	0.00	0.00
GCC	17	26.92	22.58	23.68	26.82	0.00	0.00
GCC	18	26.92	22.61	23.79	26.68	0.00	0.00
GCC	19	26.91	22.67	23.75	26.68	0.00	0.00
GCC	20	26.89	22.64	23.73	26.74	0.00	0.00
GCC	21	26.78	22.70	23.81	26.71	0.00	0.00
GCC	22	26.79	22.67	23.87	26.67	0.00	0.00
GCC	23	26.76	22.75	23.72	26.77	0.00	0.00
GCC	24	26.72	22.82	23.88	26.58	0.00	0.00
GCC	25	26.71	22.71	23.88	26.70	0.00	0.00
GCC	26	26.74	22.76	23.85	26.66	0.00	0.00
GCC	27	26.71	22.80	23.90	26.59	0.00	0.00
GCC	28	26.61	22.76	23.98	26.64	0.00	0.00
GCC	29	26.60	22.78	23.95	26.67	0.00	0.00
GCC	30	26.60	22.82	23.93	26.65	0.00	0.00
GCC	31	26.55	22.86	23.97	26.63	0.00	0.00
GCC	32	26.57	22.78	24.06	26.59	0.00	0.00
GCC	33	26.55	22.86	24.03	26.57	0.00	0.00
GCC	34	26.54	22.81	24.01	26.65	0.00	0.00
GCC	35	26.48	22.85	24.05	26.62	0.00	0.00
GCC	36	26.49	22.89	24.02	26.60	0.00	0.00
GCC	37	26.49	22.88	24.02	26.61	0.00	0.00
GCC	38	26.54	22.87	23.99	26.60	0.00	0.00
GCC	39	26.47	22.86	24.07	26.59	0.00	0.00
GCC	40	26.42	22.87	24.09	26.62	0.00	0.00
GCC	41	26.42	22.87	24.08	26.63	0.00	0.00
GCC	42	26.42	22.88	24.08	26.62	0.00	0.00
GCC	43	26.46	22.84	24.10	26.60	0.00	0.00
GCC	44	26.45	22.82	24.13	26.60	0.02	0.00
GCC	45	26.39	22.86	24.12	26.64	0.00	0.00
GCC	46	26.36	22.87	24.14	26.63	0.00	0.00
GCC	47	26.36	22.89	24.12	26.63	0.00	0.00
GCC	48	26.33	22.94	24.14	26.59	0.00	0.00
GCC	49	26.31	22.93	24.11	26.65	0.00	0.00
GCC	50	26.38	22.84	24.07	26.71	0.00	0.00
GCC	51	26.32	22.94	24.13	26.62	0.00	0.00
GCC	52	26.29	22.93	24.17	26.61	0.00	0.00
GCC	53	26.36	22.84	24.13	26.67	0.00	0.00
GCC	54	26.26	22.87	24.18	26.70	0.00	0.00
GCC	55	26.32	22.88	24.17	26.62	0.00	0.00
GCC	56	26.29	22.84	24.16	26.71	0.01	0.00
GCC	57	26.29	22.85	24.20	26.66	0.00	0.00
GCC	58	26.25	22.83	24.26	26.66	0.00	0.00
GCC	59	26.33	22.80	24.22	26.66	0.00	0.00
GCC	60	26.29	22.86	24.20	26.65	0.00	0.00
GCC	61	26.30	22.85	24.21	26.64	0.00	0.00
GCC	62	26.34	22.87	24.11	26.69	0.00	0.00
GCC	63	26.31	22.82	24.22	26.65	0.00	0.00
GCC	64	26.26	22.82	24.21	26.70	0.00	0.00
GCC	65	26.30	22.79	24.24	26.67	0.00	0.00
GCC	66	26.22	22.87	24.24	26.67	0.00	0.00
GCC	67	26.27	22.86	24.28	26.59	0.00	0.00
GCC	68	26.29	22.85	24.21	26.64	0.00	0.00
GCC	69	26.28	22.88	24.22	26.62	0.00	0.00
GCC	70	26.26	22.83	24.23	26.68	0.00	0.00
GCC	71	26.31	22.83	24.20	26.66	0.00	0.00
GCC	72	26.25	22.86	24.24	26.65	0.00	0.00
GCC	73	26.28	22.81	24.25	26.65	0.00	0.00
GCC	74	26.28	22.78	24.20	26.75	0.00	0.00
GCC	75	26.28	22.83	24.22	26.68	0.00	0.00
GCC	76	26.29	22.84	24.18	26.69	0.00	0.00
GCC	77	26.22	22.86	24.21	26.71	0.00	0.00
GCC	78	26.26	22.83	24.18	26.73	0.00	0.00
GCC	79	26.31	22.80	24.19	26.70	0.00	0.00
GCC	80	26.31	22.78	24.15	26.76	0.00	0.00
GCC	81	26.29	22.80	24.20	26.71	0.00	0.00
GCC	82	26.25	22.80	24.23	26.71	0.00	0.00
GCC	83	26.28	22.82	24.19	26.71	0.00	0.00
GCC	84	26.24	22.82	24.19	26.75	0.00	0.00
GCC	85	26.31	22.79	24.20	26.70	0.00	0.00
GCC	86	26.33	22.73	24.20	26.74	0.00	0.00
GCC	87	26.29	22.78	24.23	26.70	0.00	0.00
GCC	88	26.27	22.80	24.25	26.68	0.00	0.00
GCC	89	26.33	22.77	24.20	26.69	0.00	0.00
GCC	90	26.36	22.76	24.22	26.66	0.00	0.00
GCC	91	26.36	22.76	24.25	26.64	0.00	0.00
GCC	92	26.35	22.78	24.18	26.69	0.00	0.00
GCC	93	26.27	22.78	24.18	26.77	0.00	0.00
GCC	94	26.32	22.81	24.20	26.67	0.00	0.00
GCC	95	26.30	22.79	24.17	26.74	0.00	0.00
GCC	96	26.26	22.88	24.18	26.68	0.00	0.00
GCC	97	26.25	22.80	24.21	26.73	0.00	0.00
GCC	98	26.31	22.79	24.21	26.68	0.00	0.00
GCC	99	26.34	22.74	24.27	26.65	0.00	0.00
GCC	100	26.33	22.77	24.25	26.65	0.00	0.00
GCC	101	26.33	22.84	24.15	26.68	0.00	0.00
GCC	102	26.27	22.85	24.22	26.66	0.00	0.00
GCC	103	26.38	22.87	24.11	26.64	0.06	0.00
GCC	104	26.40	22.75	24.17	26.67	0.00	0.00
GCC	105	26.31	22.84	24.17	26.68	0.00	0.00
GCC	106	26.29	22.83	24.19	26.69	0.00	0.00
GCC	107	26.35	22.80	24.15	26.69	0.00	0.00
GCC	108	26.31	22.83	24.15	26.72	0.00	0.00
GCC	109	26.35	22.78	24.21	26.66	0.00	0.00
GCC	110	26.34	22.79	24.17	26.69	0.00	0.00
GCC	111	26.31	22.82	24.19	26.68	0.00	0.00
GCC	112	26.33	22.83	24.19	26.65	0.00	0.00
GCC	113	26.35	22.83	24.11	26.71	0.00	0.00
GCC	114	26.38	22.84	24.14	26.64	0.00	0.00
GCC	115	26.40	22.86	24.09	26.64	0.03	0.00
GCC	116	26.44	22.80	24.10	26.66	0.00	0.00
GCC	117	26.45	22.81	24.14	26.60	0.00	0.00
GCC	118	26.37	22.81	24.14	26.68	0.00	0.00
GCC	119	26.38	22.87	24.09	26.66	0.00	0.00
GCC	120	26.33	22.87	24.16	26.64	0.00	0.00
GCC	121	26.39	22.78	24.14	26.68	0.00	0.00
GCC	122	26.39	22.82	24.10	26.68	0.00	0.00
GCC	123	26.37	22.84	24.09	26.70	0.00	0.00
GCC	124	26.43	22.79	24.14	26.64	0.00	0.00
GCC	125	26.44	22.81	24.12	26.63	0.00	0.00
GCC	126	26.42	22.84	24.12	26.62	0.00	0.00
GCC	127	26.46	22.80	24.07	26.66	0.00	0.00
GCC	128	26.39	22.81	24.13	26.67	0.00	0.00
GCC	129	26.46	22.81	24.13	26.60	0.01	0.00
GCC	130	26.52	22.80	24.08	26.60	0.00	0.00
GCC	131	26.45	22.81	24.07	26.66	0.00	0.00
GCC	132	26.44	22.88	24.06	26.63	0.00	0.00
GCC	133	26.45	22.85	24.04	26.66	0.00	0.00
GCC	134	26.50	22.81	24.10	26.59	0.00	0.00
GCC	135	26.49	22.82	24.07	26.62	0.00	0.00
GCC	136	26.45	22.81	24.05	26.69	0.00	0.00
GCC	137	26.47	22.85	24.04	26.64	0.00	0.00
GCC	138	26.44	22.89	24.08	26.59	0.22	0.00
GCC	139	26.49	22.88	24.00	26.63	0.00	0.00
GCC	140	26.49	22.86	24.02	26.63	0.00	0.00
GCC	141	26.49	22.88	24.02	26.61	0.00	0.00
GCC	142	26.51	22.81	24.11	26.58	0.00	0.00
GCC	143	26.51	22.82	24.06	26.61	0.00	0.00
GCC	144	26.55	22.84	24.05	26.56	0.00	0.00
GCC	145	26.60	22.80	24.04	26.56	0.00	0.00
GCC	146	26.55	22.84	24.04	26.57	0.00	0.00
GCC	147	26.53	22.82	24.02	26.63	0.00	0.00
GCC	148	26.50	22.87	24.04	26.59	0.00	0.00
GCC	149	26.54	22.81	24.02	26.63	0.06	0.00
GCC	150	26.56	22.80	24.04	26.60	0.00	0.00
# ACGT content per cycle, read oriented. Use `grep ^GCT | cut -f 2-` to extract this part. The columns are: cycle; A,C,G,T base counts as a percentage of all A/C/G/T bases [%]
GCT	1	29.79	22.06	22.00	26.15
GCT	2	28.86	20.56	23.33	27.25
GCT	3	28.36	21.66	23.33	26.66
GCT	4	27.04	22.78	24.13	26.05
GCT	5	27.19	22.99	23.77	26.05
GCT	6	26.79	23.49	23.60	26.13
GCT	7	27.19	22.99	23.73	26.09
GCT	8	26.86	23.26	23.13	26.75
GCT	9	26.86	23.22	23.15	26.77
GCT	10	27.13	23.04	23.06	26.76
GCT	11	27.18	22.90	23.07	26.85
GCT	12	26.97	23.10	22.97	26.96
GCT	13	27.05	22.99	22.94	27.01
GCT	14	26.97	23.02	22.98	27.04
GCT	15	26.85	23.07	23.12	26.96
GCT	16	26.76	23.14	23.17	26.94
GCT	17	26.79	23.15	23.12	26.95
GCT	18	26.62	23.35	23.05	26.98
GCT	19	26.65	23.29	23.12	26.93
GCT	20	26.74	23.22	23.14	26.90
GCT	21	26.70	23.20	23.30	26.79
GCT	22	26.78	23.27	23.27	26.68
GCT	23	26.78	23.21	23.27	26.75
GCT	24	26.61	23.35	23.35	26.68
GCT	25	26.79	23.30	23.29	26.62
GCT	26	26.74	23.24	23.37	26.66
GCT	27	26.67	23.31	23.40	26.63
GCT	28	26.70	23.33	23.41	26.56
GCT	29	26.72	23.32	23.41	26.54
GCT	30	26.69	23.34	23.41	26.55
GCT	31	26.63	23.37	23.46	26.55
GCT	32	26.66	23.41	23.44	26.49
GCT	33	26.66	23.45	23.43	26.46
GCT	34	26.72	23.37	23.45	26.46
GCT	35	26.63	23.43	23.48	26.46
GCT	36	26.63	23.47	23.44	26.46
GCT	37	26.68	23.44	23.45	26.43
GCT	38	26.65	23.38	23.48	26.49
GCT	39	26.60	23.46	23.48	26.46
GCT	40	26.62	23.51	23.45	26.42
GCT	41	26.61	23.47	23.48	26.43
GCT	42	26.62	23.53	23.43	26.42
GCT	43	26.64	23.45	23.49	26.42
GCT	44	26.61	23.48	23.47	26.44
GCT	45	26.58	23.51	23.47	26.44
GCT	46	26.59	23.51	23.51	26.40
GCT	47	26.57	23.45	23.55	26.42
GCT	48	26.47	23.56	23.52	26.45
GCT	49	26.57	23.51	23.52	26.39
GCT	50	26.62	23.50	23.42	26.47
GCT	51	26.54	23.59	23.48	26.39
GCT	52	26.50	23.58	23.52	26.40
GCT	53	26.54	23.52	23.45	26.50
GCT	54	26.56	23.52	23.52	26.40
GCT	55	26.54	23.52	23.53	26.40
GCT	56	26.56	23.51	23.49	26.44
GCT	57	26.55	23.56	23.49	26.39
GCT	58	26.52	23.53	23.56	26.39
GCT	59	26.60	23.51	23.51	26.39
GCT	60	26.51	23.58	23.48	26.43
GCT	61	26.52	23.56	23.49	26.42
GCT	62	26.58	23.48	23.49	26.45
GCT	63	26.49	23.56	23.48	26.48
GCT	64	26.51	23.51	23.53	26.45
GCT	65	26.50	23.55	23.47	26.47
GCT	66	26.47	23.61	23.50	26.41
GCT	67	26.50	23.64	23.49	26.37
GCT	68	26.49	23.59	23.47	26.45
GCT	69	26.48	23.59	23.51	26.42
GCT	70	26.45	23.60	23.46	26.50
GCT	71	26.51	23.54	23.49	26.46
GCT	72	26.45	23.59	23.50	26.46
GCT	73	26.53	23.55	23.51	26.40
GCT	74	26.51	23.52	23.46	26.51
GCT	75	26.48	23.59	23.45	26.47
GCT	76	26.44	23.57	23.45	26.54
GCT	77	26.45	23.60	23.47	26.48
GCT	78	26.49	23.56	23.45	26.50
GCT	79	26.47	23.50	23.49	26.54
GCT	80	26.51	23.49	23.45	26.56
GCT	81	26.49	23.57	23.44	26.50
GCT	82	26.49	23.53	23.51	26.48
GCT	83	26.46	23.55	23.45	26.53
GCT	84	26.46	23.58	23.42	26.53
GCT	85	26.48	23.59	23.40	26.53
GCT	86	26.53	23.55	23.37	26.55
GCT	87	26.43	23.54	23.47	26.56
GCT	88	26.39	23.57	23.47	26.57
GCT	89	26.45	23.56	23.42	26.58
GCT	90	26.42	23.55	23.43	26.60
GCT	91	26.47	23.54	23.46	26.53
GCT	92	26.45	23.54	23.42	26.59
GCT	93	26.45	23.55	23.41	26.59
GCT	94	26.43	23.60	23.41	26.56
GCT	95	26.44	23.53	23.43	26.60
GCT	96	26.39	23.61	23.45	26.55
GCT	97	26.44	23.59	23.42	26.54
GCT	98	26.42	23.61	23.40	26.57
GCT	99	26.41	23.55	23.46	26.58
GCT	100	26.45	23.57	23.45	26.53
GCT	101	26.43	23.61	23.38	26.57
GCT	102	26.39	23.65	23.42	26.55
GCT	103	26.45	23.58	23.40	26.57
GCT	104	26.47	23.56	23.37	26.60
GCT	105	26.42	23.60	23.41	26.57
GCT	106	26.35	23.57	23.45	26.63
GCT	107	26.39	23.54	23.42	26.65
GCT	108	26.41	23.62	23.36	26.61
GCT	109	26.43	23.56	23.43	26.58
GCT	110	26.44	23.58	23.39	26.60
GCT	111	26.35	23.62	23.40	26.64
GCT	112	26.41	23.62	23.40	26.57
GCT	113	26.41	23.54	23.40	26.65
GCT	114	26.38	23.58	23.40	26.64
GCT	115	26.39	23.53	23.43	26.65
GCT	116	26.41	23.55	23.35	26.69
GCT	117	26.35	23.61	23.34	26.70
GCT	118	26.43	23.55	23.41	26.62
GCT	119	26.43	23.57	23.39	26.61
GCT	120	26.40	23.62	23.41	26.57
GCT	121	26.48	23.56	23.37	26.59
GCT	122	26.44	23.51	23.41	26.64
GCT	123	26.41	23.55	23.39	26.65
GCT	124	26.43	23.51	23.42	26.65
GCT	125	26.47	23.55	23.38	26.60
GCT	126	26.44	23.60	23.36	26.60
GCT	127	26.45	23.55	23.33	26.67
GCT	128	26.48	23.54	23.40	26.58
GCT	129	26.43	23.61	23.33	26.63
GCT	130	26.50	23.52	23.36	26.62
GCT	131	26.49	23.49	23.39	26.62
GCT	132	26.50	23.56	23.38	26.56
GCT	133	26.43	23.49	23.39	26.69
GCT	134	26.42	23.52	23.40	26.67
GCT	135	26.47	23.55	23.34	26.65
GCT	136	26.50	23.49	23.37	26.64
GCT	137	26.46	23.49	23.40	26.66
GCT	138	26.43	23.54	23.43	26.60
GCT	139	26.48	23.54	23.34	26.65
GCT	140	26.49	23.54	23.35	26.62
GCT	141	26.45	23.54	23.36	26.65
GCT	142	26.44	23.52	23.39	26.64
GCT	143	26.51	23.50	23.38	26.61
GCT	144	26.49	23.54	23.35	26.63
GCT	145	26.47	23.52	23.32	26.69
GCT	146	26.48	23.55	23.32	26.65
GCT	147	26.54	23.52	23.32	26.63
GCT	148	26.44	23.56	23.35	26.66
GCT	149	26.56	23.46	23.37	26.61
GCT	150	26.46	23.45	23.38	26.70
# ACGT content per cycle for first fragments. Use `grep ^FBC | cut -f 2-` to extract this part. The columns are: cycle; A,C,G,T base counts as a percentage of all A/C/G/T bases [%]; and N and O counts as a percentage of all A/C/G/T bases [%]
FBC	1	27.81	21.63	22.50	28.06	0.00	0.00
FBC	2	28.09	21.50	22.35	28.05	0.35	0.00
FBC	3	27.55	21.99	22.90	27.56	0.00	0.00
FBC	4	26.71	22.88	23.83	26.58	0.08	0.00
FBC	5	26.71	22.95	23.81	26.53	0.00	0.00
FBC	6	26.68	22.94	23.99	26.39	0.00	0.00
FBC	7	26.83	22.86	23.74	26.57	0.00	0.00
FBC	8	26.93	22.76	23.61	26.70	0.00	0.00
FBC	9	26.81	22.81	23.56	26.83	0.10	0.00
FBC	10	27.02	22.61	23.56	26.81	0.00	0.00
FBC	11	27.09	22.50	23.52	26.89	0.00	0.00
FBC	12	27.06	22.47	23.58	26.88	0.00	0.00
FBC	13	27.11	22.48	23.48	26.93	0.00	0.00
FBC	14	27.04	22.54	23.54	26.88	0.00	0.00
FBC	15	27.06	22.55	23.63	26.77	0.00	0.00
FBC	16	27.00	22.55	23.67	26.77	0.00	0.00
FBC	17	26.92	22.60	23.69	26.79	0.00	0.00
FBC	18	26.88	22.61	23.80	26.71	0.00	0.00
FBC	19	26.92	22.71	23.72	26.66	0.00	0.00
FBC	20	26.92	22.61	23.70	26.77	0.00	0.00
FBC	21	26.72	22.74	23.80	26.73	0.00	0.00
FBC	22	26.81	22.69	23.85	26.65	0.00	0.00
FBC	23	26.72	22.77	23.73	26.78	0.00	0.00
FBC	24	26.68	22.83	23.87	26.63	0.00	0.00
FBC	25	26.68	22.73	23.89	26.70	0.00	0.00
FBC	26	26.73	22.75	23.84	26.68	0.00	0.00
FBC	27	26.69	22.79	23.92	26.60	0.00	0.00
FBC	28	26.64	22.77	23.97	26.62	0.00	0.00
FBC	29	26.64	22.74	23.97	26.65	0.00	0.00
FBC	30	26.56	22.81	23.95	26.69	0.00	0.00
FBC	31	26.56	22.84	23.96	26.64	0.00	0.00
FBC	32	26.60	22.75	24.07	26.57	0.00	0.00
FBC	33	26.55	22.87	24.00	26.58	0.00	0.00
FBC	34	26.55	22.78	24.05	26.63	0.00	0.00
FBC	35	26.43	22.85	24.06	26.67	0.00	0.00
FBC	36	26.47	22.87	23.99	26.67	0.00	0.00
FBC	37	26.51	22.87	24.03	26.59	0.00	0.00
FBC	38	26.53	22.83	23.98	26.67	0.00	0.00
FBC	39	26.47	22.85	24.04	26.64	0.00	0.00
FBC	40	26.44	22.85	24.07	26.64	0.00	0.00
FBC	41	26.39	22.87	24.10	26.64	0.00	0.00
FBC	42	26.43	22.86	24.03	26.69	0.00	0.00
FBC	43	26.42	22.86	24.11	26.61	0.00	0.00
FBC	44	26.42	22.77	24.16	26.65	0.00	0.00
FBC	45	26.41	22.86	24.10	26.63	0.00	0.00
FBC	46	26.36	22.87	24.11	26.66	0.00	0.00
FBC	47	26.33	22.90	24.10	26.67	0.00	0.00
FBC	48	26.29	22.92	24.17	26.62	0.00	0.00
FBC	49	26.31	22.92	24.12	26.65	0.00	0.00
FBC	50	26.41	22.85	24.03	26.71	0.00	0.00
FBC	51	26.29	22.92	24.15	26.64	0.00	0.00
FBC	52	26.28	22.91	24.21	26.60	0.00	0.00
FBC	53	26.35	22.84	24.13	26.69	0.00	0.00
FBC	54	26.29	22.86	24.16	26.69	0.00	0.00
FBC	55	26.36	22.88	24.18	26.58	0.00	0.00
FBC	56	26.30	22.79	24.19	26.72	0.00	0.00
FBC	57	26.32	22.79	24.17	26.72	0.00	0.00
FBC	58	26.30	22.80	24.22	26.68	0.00	0.00
FBC	59	26.35	22.77	24.23	26.65	0.00	0.00
FBC	60	26.33	22.81	24.19	26.67	0.00	0.00
FBC	61	26.29	22.81	24.18	26.72	0.00	0.00
FBC	62	26.32	22.88	24.09	26.71	0.00	0.00
FBC	63	26.32	22.79	24.23	26.66	0.00	0.00
FBC	64	26.31	22.80	24.16	26.72	0.00	0.00
FBC	65	26.29	22.81	24.21	26.69	0.00	0.00
FBC	66	26.21	22.90	24.19	26.70	0.00	0.00
FBC	67	26.31	22.83	24.23	26.64	0.00	0.00
FBC	68	26.29	22.78	24.24	26.69	0.00	0.00
FBC	69	26.22	22.91	24.22	26.65	0.00	0.00
FBC	70	26.26	22.81	24.21	26.72	0.00	0.00
FBC	71	26.32	22.83	24.14	26.71	0.00	0.00
FBC	72	26.29	22.87	24.21	26.63	0.00	0.00
FBC	73	26.26	22.82	24.29	26.64	0.00	0.00
FBC	74	26.25	22.79	24.21	26.75	0.00	0.00
FBC	75	26.26	22.80	24.18	26.75	0.00	0.00
FBC	76	26.31	22.87	24.16	26.66	0.00	0.00
FBC	77	26.22	22.83	24.20	26.75	0.00	0.00
FBC	78	26.26	22.78	24.15	26.81	0.00	0.00
FBC	79	26.30	22.76	24.22	26.72	0.00	0.00
FBC	80	26.29	22.75	24.17	26.78	0.00	0.00
FBC	81	26.24	22.82	24.23	26.71	0.00	0.00
FBC	82	26.24	22.77	24.26	26.74	0.00	0.00
FBC	83	26.30	22.77	24.18	26.75	0.00	0.00
FBC	84	26.27	22.76	24.22	26.75	0.00	0.00
FBC	85	26.28	22.77	24.22	26.73	0.00	0.00
FBC	86	26.36	22.73	24.18	26.72	0.00	0.00
FBC	87	26.21	22.81	24.24	26.73	0.00	0.00
FBC	88	26.28	22.83	24.27	26.63	0.00	0.00
FBC	89	26.33	22.76	24.21	26.70	0.00	0.00
FBC	90	26.37	22.74	24.24	26.65	0.00	0.00
FBC	91	26.41	22.80	24.20	26.59	0.00	0.00
FBC	92	26.39	22.80	24.14	26.67	0.00	0.00
FBC	93	26.25	22.80	24.17	26.78	0.00	0.00
FBC	94	26.35	22.80	24.25	26.60	0.00	0.00
FBC	95	26.32	22.76	24.17	26.75	0.00	0.00
FBC	96	26.26	22.84	24.21	26.68	0.00	0.00
FBC	97	26.21	22.80	24.22	26.77	0.00	0.00
FBC	98	26.36	22.82	24.21	26.61	0.00	0.00
FBC	99	26.35	22.74	24.28	26.64	0.00	0.00
FBC	100	26.36	22.81	24.21	26.62	0.00	0.00
FBC	101	26.35	22.83	24.21	26.61	0.00	0.00
FBC	102	26.26	22.83	24.26	26.65	0.00	0.00
FBC	103	26.41	22.92	24.10	26.58	0.12	0.00
FBC	104	26.36	22.80	24.18	26.67	0.00	0.00
FBC	105	26.34	22.86	24.15	26.66	0.00	0.00
FBC	106	26.34	22.81	24.16	26.69	0.00	0.00
FBC	107	26.33	22.82	24.13	26.72	0.00	0.00
FBC	108	26.30	22.80	24.21	26.69	0.00	0.00
FBC	109	26.37	22.81	24.16	26.66	0.00	0.00
FBC	110	26.36	22.78	24.20	26.66	0.00	0.00
FBC	111	26.35	22.86	24.16	26.63	0.00	0.00
FBC	112	26.32	22.84	24.24	26.61	0.00	0.00
FBC	113	26.38	22.77	24.13	26.72	0.00	0.00
FBC	114	26.37	22.85	24.15	26.63	0.00	0.00
FBC	115	26.40	22.85	24.14	26.61	0.06	0.00
FBC	116	26.49	22.76	24.13	26.62	0.00	0.00
FBC	117	26.41	22.82	24.12	26.65	0.00	0.00
FBC	118	26.36	22.79	24.15	26.71	0.00	0.00
FBC	119	26.32	22.89	24.11	26.68	0.00	0.00
FBC	120	26.34	22.82	24.11	26.74	0.00	0.00
FBC	121	26.42	22.72	24.14	26.72	0.00	0.00
FBC	122	26.39	22.85	24.09	26.67	0.00	0.00
FBC	123	26.38	22.86	24.08	26.68	0.00	0.00
FBC	124	26.42	22.78	24.16	26.64	0.00	0.00
FBC	125	26.43	22.84	24.10	26.63	0.00	0.00
FBC	126	26.41	22.83	24.09	26.66	0.00	0.00
FBC	127	26.50	22.80	24.03	26.67	0.00	0.00
FBC	128	26.36	22.84	24.09	26.70	0.00	0.00
FBC	129	26.46	22.83	24.06	26.66	0.01	0.00
FBC	130	26.53	22.85	24.08	26.54	0.00	0.00
FBC	131	26.43	22.78	24.09	26.69	0.00	0.00
FBC	132	26.49	22.84	24.03	26.64	0.00	0.00
FBC	133	26.46	22.88	24.07	26.60	0.00	0.00
FBC	134	26.55	22.80	24.08	26.57	0.00	0.00
FBC	135	26.56	22.83	24.03	26.59	0.00	0.00
FBC	136	26.42	22.84	24.06	26.68	0.00	0.00
FBC	137	26.52	22.81	24.04	26.62	0.00	0.00
FBC	138	26.40	22.87	24.18	26.55	0.43	0.00
FBC	139	26.51	22.89	24.03	26.57	0.00	0.00
FBC	140	26.48	22.85	24.02	26.64	0.00	0.00
FBC	141	26.49	22.83	24.05	26.63	0.00	0.00
FBC	142	26.43	22.81	24.16	26.61	0.00	0.00
FBC	143	26.50	22.80	24.09	26.61	0.00	0.00
FBC	144	26.54	22.80	24.11	26.56	0.00	0.00
FBC	145	26.60	22.88	23.97	26.54	0.00	0.00
FBC	146	26.56	22.84	24.04	26.56	0.00	0.00
FBC	147	26.56	22.80	24.03	26.62	0.00	0.00
FBC	148	26.48	22.88	24.07	26.56	0.00	0.00
FBC	149	26.58	22.84	24.02	26.57	0.11	0.00
FBC	150	26.54	22.84	24.03	26.59	0.00	0.00
# ACGT raw counters for first fragments. Use `grep ^FTC | cut -f 2-` to extract this part. The columns are: A,C,G,T,N base counters
FTC	38054872	32725899	34531173	38350138	11829
# ACGT content per cycle for last fragments. Use `grep ^LBC | cut -f 2-` to extract this part. The columns are: cycle; A,C,G,T base counts as a percentage of all A/C/G/T bases [%]; and N and O counts as a percentage of all A/C/G/T bases [%]
LBC	1	27.94	21.57	22.43	28.06	0.21	0.00
LBC	2	28.16	21.51	22.42	27.91	0.15	0.00
LBC	3	27.52	22.01	23.07	27.40	0.00	0.00
LBC	4	26.54	23.13	23.99	26.35	0.00	0.00
LBC	5	26.74	22.94	23.81	26.50	0.00	0.00
LBC	6	26.43	23.19	24.05	26.33	0.00	0.00
LBC	7	26.70	22.96	23.88	26.46	0.00	0.00
LBC	8	26.95	22.73	23.69	26.64	0.01	0.00
LBC	9	26.88	22.73	23.66	26.74	0.00	0.00
LBC	10	27.10	22.57	23.48	26.86	0.00	0.00
LBC	11	27.16	22.48	23.44	26.92	0.00	0.00
LBC	12	27.07	22.53	23.56	26.84	0.00	0.00
LBC	13	27.08	22.42	23.48	27.01	0.00	0.00
LBC	14	27.14	22.42	23.49	26.95	0.00	0.00
LBC	15	27.03	22.53	23.68	26.77	0.00	0.00
LBC	16	26.88	22.65	23.73	26.73	0.00	0.00
LBC	17	26.91	22.57	23.66	26.86	0.00	0.00
LBC	18	26.96	22.60	23.78	26.65	0.00	0.00
LBC	19	26.90	22.63	23.78	26.70	0.00	0.00
LBC	20	26.86	22.67	23.75	26.72	0.00	0.00
LBC	21	26.84	22.65	23.82	26.70	0.00	0.00
LBC	22	26.78	22.65	23.88	26.69	0.00	0.00
LBC	23	26.80	22.74	23.70	26.75	0.00	0.00
LBC	24	26.75	22.82	23.90	26.53	0.00	0.00
LBC	25	26.75	22.69	23.87	26.70	0.00	0.00
LBC	26	26.74	22.76	23.86	26.64	0.00	0.00
LBC	27	26.73	22.81	23.88	26.58	0.00	0.00
LBC	28	26.59	22.76	23.99	26.67	0.00	0.00
LBC	29	26.56	22.82	23.93	26.69	0.00	0.00
LBC	30	26.64	22.83	23.92	26.60	0.00	0.00
LBC	31	26.54	22.87	23.98	26.61	0.00	0.00
LBC	32	26.53	22.82	24.06	26.60	0.00	0.00
LBC	33	26.55	22.84	24.06	26.55	0.00	0.00
LBC	34	26.52	22.84	23.98	26.66	0.00	0.00
LBC	35	26.53	22.85	24.05	26.57	0.00	0.00
LBC	36	26.50	22.90	24.06	26.54	0.00	0.00
LBC	37	26.48	22.89	24.00	26.64	0.00	0.00
LBC	38	26.54	22.91	24.01	26.54	0.00	0.00
LBC	39	26.46	22.87	24.11	26.55	0.00	0.00
LBC	40	26.41	22.90	24.11	26.59	0.00	0.00
LBC	41	26.44	22.88	24.06	26.62	0.00	0.00
LBC	42	26.41	22.89	24.14	26.55	0.00	0.00
LBC	43	26.50	22.82	24.09	26.59	0.01	0.00
LBC	44	26.47	22.88	24.10	26.55	0.03	0.00
LBC	45	26.37	22.85	24.14	26.64	0.00	0.00
LBC	46	26.36	22.86	24.18	26.60	0.00	0.00
LBC	47	26.39	22.88	24.13	26.59	0.00	0.00
LBC	48	26.37	22.96	24.11	26.56	0.00	0.00
LBC	49	26.31	22.94	24.10	26.65	0.00	0.00
LBC	50	26.34	22.83	24.12	26.71	0.00	0.00
LBC	51	26.34	22.95	24.11	26.59	0.00	0.00
LBC	52	26.30	22.95	24.14	26.61	0.00	0.00
LBC	53	26.38	22.85	24.12	26.65	0.00	0.00
LBC	54	26.23	22.87	24.20	26.70	0.00	0.00
LBC	55	26.28	22.89	24.16	26.67	0.01	0.00
LBC	56	26.28	22.88	24.13	26.71	0.02	0.00
LBC	57	26.26	22.91	24.24	26.60	0.00	0.00
LBC	58	26.20	22.85	24.31	26.64	0.00	0.00
LBC	59	26.30	22.82	24.20	26.67	0.00	0.00
LBC	60	26.25	22.90	24.21	26.63	0.00	0.00
LBC	61	26.32	22.88	24.23	26.57	0.00	0.00
LBC	62	26.36	22.85	24.12	26.66	0.00	0.00
LBC	63	26.30	22.85	24.20	26.65	0.00	0.00
LBC	64	26.22	22.84	24.26	26.68	0.00	0.00
LBC	65	26.31	22.78	24.26	26.65	0.00	0.00
LBC	66	26.22	22.85	24.30	26.63	0.00	0.00
LBC	67	26.24	22.89	24.33	26.55	0.00	0.00
LBC	68	26.29	22.93	24.18	26.60	0.00	0.00
LBC	69	26.33	22.85	24.22	26.60	0.00	0.00
LBC	70	26.27	22.85	24.24	26.64	0.00	0.00
LBC	71	26.30	22.82	24.26	26.62	0.00	0.00
LBC	72	26.21	22.85	24.27	26.68	0.00	0.00
LBC	73	26.31	22.81	24.22	26.67	0.00	0.00
LBC	74	26.30	22.77	24.19	26.75	0.00	0.00
LBC	75	26.30	22.85	24.25	26.60	0.00	0.00
LBC	76	26.26	22.80	24.20	26.73	0.00	0.00
LBC	77	26.22	22.89	24.22	26.68	0.00	0.00
LBC	78	26.26	22.88	24.20	26.65	0.00	0.00
LBC	79	26.32	22.84	24.15	26.68	0.00	0.00
LBC	80	26.32	22.82	24.13	26.73	0.00	0.00
LBC	81	26.34	22.79	24.17	26.70	0.00	0.00
LBC	82	26.27	22.82	24.21	26.69	0.00	0.00
LBC	83	26.26	22.86	24.20	26.68	0.00	0.00
LBC	84	26.21	22.88	24.15	26.76	0.00	0.00
LBC	85	26.33	22.80	24.18	26.68	0.00	0.00
LBC	86	26.31	22.72	24.21	26.76	0.00	0.00
LBC	87	26.36	22.76	24.22	26.67	0.00	0.00
LBC	88	26.27	22.77	24.23	26.73	0.00	0.00
LBC	89	26.34	22.79	24.19	26.69	0.00	0.00
LBC	90	26.35	22.79	24.19	26.67	0.00	0.00
LBC	91	26.31	22.72	24.29	26.68	0.00	0.00
LBC	92	26.31	22.77	24.22	26.71	0.00	0.00
LBC	93	26.29	22.76	24.19	26.75	0.00	0.00
LBC	94	26.29	22.83	24.15	26.74	0.00	0.00
LBC	95	26.27	22.82	24.17	26.74	0.00	0.00
LBC	96	26.25	22.92	24.14	26.69	0.00	0.00
LBC	97	26.29	22.80	24.21	26.70	0.00	0.00
LBC	98	26.27	22.77	24.22	26.74	0.00	0.00
LBC	99	26.34	22.74	24.26	26.67	0.00	0.00
LBC	100	26.30	22.74	24.29	26.67	0.00	0.00
LBC	101	26.31	22.85	24.09	26.74	0.00	0.00
LBC	102	26.28	22.88	24.17	26.68	0.00	0.00
LBC	103	26.35	22.83	24.13	26.70	0.00	0.00
LBC	104	26.45	22.71	24.17	26.68	0.00	0.00
LBC	105	26.27	22.83	24.19	26.71	0.00	0.00
LBC	106	26.23	22.85	24.22	26.69	0.00	0.00
LBC	107	26.38	22.79	24.18	26.65	0.00	0.00
LBC	108	26.31	22.85	24.09	26.74	0.00	0.00
LBC	109	26.32	22.76	24.26	26.66	0.00	0.00
LBC	110	26.33	22.80	24.14	26.73	0.00	0.00
LBC	111	26.26	22.79	24.22	26.73	0.00	0.00
LBC	112	26.34	22.82	24.15	26.70	0.00	0.00
LBC	113	26.33	22.88	24.09	26.70	0.00	0.00
LBC	114	26.38	22.84	24.12	26.66	0.00	0.00
LBC	115	26.41	22.87	24.05	26.67	0.00	0.00
LBC	116	26.38	22.85	24.07	26.70	0.00	0.00
LBC	117	26.49	22.80	24.16	26.55	0.00	0.00
LBC	118	26.38	22.83	24.14	26.65	0.00	0.00
LBC	119	26.44	22.85	24.07	26.64	0.01	0.00
LBC	120	26.32	22.93	24.21	26.54	0.00	0.00
LBC	121	26.36	22.84	24.14	26.65	0.00	0.00
LBC	122	26.39	22.79	24.12	26.70	0.01	0.00
LBC	123	26.36	22.83	24.10	26.72	0.00	0.00
LBC	124	26.44	22.80	24.12	26.64	0.00	0.00
LBC	125	26.45	22.79	24.14	26.63	0.00	0.00
LBC	126	26.43	22.84	24.15	26.58	0.00	0.00
LBC	127	26.43	22.80	24.11	26.65	0.00	0.00
LBC	128	26.41	22.78	24.16	26.64	0.00	0.00
LBC	129	26.47	22.79	24.20	26.53	0.02	0.00
LBC	130	26.51	22.75	24.09	26.65	0.00	0.00
LBC	131	26.47	22.84	24.06	26.63	0.00	0.00
LBC	132	26.38	22.93	24.08	26.61	0.00	0.00
LBC	133	26.45	22.81	24.00	26.73	0.00	0.00
LBC	134	26.45	22.83	24.12	26.60	0.00	0.00
LBC	135	26.43	22.81	24.10	26.66	0.00	0.00
LBC	136	26.48	22.79	24.03	26.69	0.00	0.00
LBC	137	26.42	22.88	24.04	26.66	0.00	0.00
LBC	138	26.47	22.91	23.99	26.64	0.00	0.00
LBC	139	26.47	22.86	23.97	26.69	0.00	0.00
LBC	140	26.50	22.87	24.02	26.61	0.00	0.00
LBC	141	26.50	22.93	23.98	26.58	0.00	0.00
LBC	142	26.58	22.82	24.05	26.55	0.00	0.00
LBC	143	26.51	22.84	24.04	26.61	0.00	0.00
LBC	144	26.57	22.87	23.99	26.57	0.00	0.00
LBC	145	26.60	22.72	24.10	26.58	0.00	0.00
LBC	146	26.55	22.83	24.04	26.58	0.00	0.00
LBC	147	26.51	22.83	24.01	26.64	0.01	0.00
LBC	148	26.52	22.85	24.00	26.62	0.00	0.00
LBC	149	26.50	22.79	24.02	26.69	0.01	0.00
LBC	150	26.57	22.76	24.05	26.62	0.00	0.00
# ACGT raw counters for last fragments. Use `grep ^LTC | cut -f 2-` to extract this part. The columns are: A,C,G,T,N base counters
LTC	38023221	32720543	34516376	38303227	4926
# Insert sizes. Use `grep ^IS | cut -f 2-` to extract this part. The columns are: insert size, pairs total, inward oriented pairs, outward oriented pairs, other pairs
IS	0	0	0	0	0
IS	1	0	0	0	0
IS	2	0	0	0	0
IS	3	0	0	0	0
IS	4	0	0	0	0
IS	5	0	0	0	0
IS	6	0	0	0	0
IS	7	0	0	0	0
IS	8	0	0	0	0
IS	9	0	0	0	0
IS	10	0	0	0	0
IS	11	0	0	0	0
IS	12	1	0	1	0
IS	13	0	0	0	0
IS	14	1	0	1	0
IS	15	0	0	0	0
IS	16	0	0	0	0
IS	17	1	0	1	0
IS	18	0	0	0	0
IS	19	0	0	0	0
IS	20	0	0	0	0
IS	21	1	1	0	0
IS	22	0	0	0	0
IS	23	1	1	0	0
IS	24	3	2	1	0
IS	25	1	0	1	0
IS	26	0	0	0	0
IS	27	0	0	0	0
IS	28	0	0	0	0
IS	29	0	0	0	0
IS	30	2	1	1	0
IS	31	0	0	0	0
IS	32	0	0	0	0
IS	33	1	0	1	0
IS	34	0	0	0	0
IS	35	0	0	0	0
IS	36	1	0	1	0
IS	37	5	1	4	0
IS	38	2	2	0	0
IS	39	6	4	2	0
IS	40	1	1	0	0
IS	41	1	1	0	0
IS	42	2	2	0	0
IS	43	2	2	0	0
IS	44	1	1	0	0
IS	45	2	0	2	0
IS	46	2	1	1	0
IS	47	0	0	0	0
IS	48	6	6	0	0
IS	49	3	2	1	0
IS	50	1	1	0	0
IS	51	3	3	0	0
IS	52	2	1	1	0
IS	53	4	4	0	0
IS	54	1	1	0	0
IS	55	6	5	1	0
IS	56	2	1	1	0
IS	57	5	5	0	0
IS	58	7	7	0	0
IS	59	2	2	0	0
IS	60	7	7	0	0
IS	61	10	10	0	0
IS	62	15	14	1	0
IS	63	12	10	2	0
IS	64	16	15	1	0
IS	65	16	15	1	0
IS	66	12	10	2	0
IS	67	18	17	1	0
IS	68	24	23	1	0
IS	69	27	22	5	0
IS	70	28	28	0	0
IS	71	30	30	0	0
IS	72	37	35	1	1
IS	73	41	40	1	0
IS	74	51	50	1	0
IS	75	45	45	0	0
IS	76	60	60	0	0
IS	77	66	65	1	0
IS	78	69	68	1	0
IS	79	96	95	1	0
IS	80	97	96	1	0
IS	81	78	78	0	0
IS	82	116	116	0	0
IS	83	119	118	1	0
IS	84	128	127	1	0
IS	85	141	139	2	0
IS	86	156	154	2	0
IS	87	181	180	1	0
IS	88	207	205	2	0
IS	89	206	205	1	0
IS	90	253	249	4	0
IS	91	287	285	2	0
IS	92	309	309	0	0
IS	93	335	333	2	0
IS	94	379	378	1	0
IS	95	390	386	4	0
IS	96	464	459	5	0
IS	97	510	509	1	0
IS	98	523	521	2	0
IS	99	574	570	4	0
IS	100	591	588	3	0
IS	101	700	695	5	0
IS	102	734	730	4	0
IS	103	802	800	2	0
IS	104	820	813	7	0
IS	105	952	945	7	0
IS	106	1001	996	5	0
IS	107	1027	1021	6	0
IS	108	1133	1129	4	0
IS	109	1198	1196	2	0
IS	110	1329	1324	5	0
IS	111	1383	1380	3	0
IS	112	1471	1461	10	0
IS	113	1530	1527	3	0
IS	114	1618	1615	3	0
IS	115	1811	1804	7	0
IS	116	1849	1846	3	0
IS	117	1971	1963	8	0
IS	118	2035	2024	11	0
IS	119	2112	2105	7	0
IS	120	2245	2232	13	0
IS	121	2343	2334	9	0
IS	122	2489	2481	8	0
IS	123	2544	2534	10	0
IS	124	2725	2718	7	0
IS	125	2809	2798	11	0
IS	126	2893	2883	10	0
IS	127	3047	3040	7	0
IS	128	3155	3148	7	0
IS	129	3282	3278	4	0
IS	130	3443	3432	11	0
IS	131	3448	3442	6	0
IS	132	3645	3639	6	0
IS	133	3658	3653	5	0
IS	134	3907	3895	12	0
IS	135	4015	4009	6	0
IS	136	4029	4021	8	0
IS	137	4211	4201	10	0
IS	138	4387	4378	9	0
IS	139	4460	4454	6	0
IS	140	4537	4524	13	0
IS	141	4514	4502	11	1
IS	142	4682	4673	9	0
IS	143	4819	4807	12	0
IS	144	4897	4886	11	0
IS	145	4925	4914	11	0
IS	146	5135	5124	11	0
IS	147	5285	5261	24	0
IS	148	5301	5278	23	0
IS	149	5261	5230	31	0
IS	150	5364	5363	1	0
IS	151	5574	5573	1	0
IS	152	5649	5649	0	0
IS	153	5758	5756	2	0
IS	154	5698	5698	0	0
IS	155	5839	5839	0	0
IS	156	5961	5961	0	0
IS	157	5926	5926	0	0
IS	158	5975	5975	0	0
IS	159	6147	6147	0	0
IS	160	6255	6255	0	0
IS	161	6237	6237	0	0
IS	162	6326	6326	0	0
IS	163	6377	6377	0	0
IS	164	6325	6325	0	0
IS	165	6301	6301	0	0
IS	166	6516	6516	0	0
IS	167	6488	6488	0	0
IS	168	6578	6578	0	0
IS	169	6675	6675	0	0
IS	170	6821	6821	0	0
IS	171	6677	6677	0	0
IS	172	6856	6856	0	0
IS	173	6755	6755	0	0
IS	174	6727	6727	0	0
IS	175	6756	6756	0	0
IS	176	6792	6792	0	0
IS	177	6840	6840	0	0
IS	178	6917	6917	0	0
IS	179	6888	6888	0	0
IS	180	6704	6704	0	0
IS	181	6840	6840	0	0
IS	182	6981	6981	0	0
IS	183	6967	6967	0	0
IS	184	6841	6841	0	0
IS	185	6891	6891	0	0
IS	186	6793	6793	0	0
IS	187	6807	6807	0	0
IS	188	6691	6691	0	0
IS	189	6842	6842	0	0
IS	190	6731	6731	0	0
IS	191	6739	6739	0	0
IS	192	6622	6622	0	0
IS	193	6683	6683	0	0
IS	194	6630	6630	0	0
IS	195	6631	6631	0	0
IS	196	6561	6561	0	0
IS	197	6447	6447	0	0
IS	198	6481	6481	0	0
IS	199	6558	6558	0	0
IS	200	6449	6449	0	0
IS	201	6423	6423	0	0
IS	202	6356	6356	0	0
IS	203	6334	6334	0	0
IS	204	6298	6298	0	0
IS	205	6257	6257	0	0
IS	206	6333	6333	0	0
IS	207	6352	6352	0	0
IS	208	6127	6127	0	0
IS	209	6057	6057	0	0
IS	210	6095	6095	0	0
IS	211	5983	5983	0	0
IS	212	5888	5888	0	0
IS	213	5885	5885	0	0
IS	214	5720	5720	0	0
IS	215	5864	5864	0	0
IS	216	5789	5789	0	0
IS	217	5580	5580	0	0
IS	218	5593	5593	0	0
IS	219	5485	5485	0	0
IS	220	5551	5551	0	0
IS	221	5505	5505	0	0
IS	222	5527	5527	0	0
IS	223	5289	5289	0	0
IS	224	5351	5351	0	0
IS	225	5254	5254	0	0
IS	226	5172	5172	0	0
IS	227	5065	5065	0	0
IS	228	4859	4859	0	0
IS	229	5066	5066	0	0
IS	230	5013	5013	0	0
IS	231	4827	4827	0	0
IS	232	4738	4738	0	0
IS	233	4769	4769	0	0
IS	234	4670	4670	0	0
IS	235	4668	4668	0	0
IS	236	4650	4650	0	0
IS	237	4559	4559	0	0
IS	238	4440	4440	0	0
IS	239	4402	4402	0	0
IS	240	4514	4514	0	0
IS	241	4410	4410	0	0
IS	242	4172	4172	0	0
IS	243	4294	4294	0	0
IS	244	4091	4091	0	0
IS	245	4074	4074	0	0
IS	246	4053	4053	0	0
IS	247	4065	4065	0	0
IS	248	3943	3943	0	0
IS	249	3968	3968	0	0
IS	250	3862	3862	0	0
IS	251	3813	3813	0	0
IS	252	3721	3721	0	0
IS	253	3520	3520	0	0
IS	254	3686	3686	0	0
IS	255	3600	3600	0	0
IS	256	3478	3478	0	0
IS	257	3453	3453	0	0
IS	258	3384	3384	0	0
IS	259	3315	3315	0	0
IS	260	3285	3285	0	0
IS	261	3259	3259	0	0
IS	262	3232	3232	0	0
IS	263	3237	3237	0	0
IS	264	3063	3063	0	0
IS	265	3091	3091	0	0
IS	266	3137	3137	0	0
IS	267	3073	3073	0	0
IS	268	2923	2923	0	0
IS	269	2980	2980	0	0
IS	270	2882	2882	0	0
IS	271	2850	2850	0	0
IS	272	2679	2679	0	0
IS	273	2723	2723	0	0
IS	274	2756	2756	0	0
IS	275	2626	2626	0	0
IS	276	2643	2643	0	0
IS	277	2633	2633	0	0
IS	278	2561	2561	0	0
IS	279	2562	2562	0	0
IS	280	2513	2513	0	0
IS	281	2376	2376	0	0
IS	282	2392	2392	0	0
IS	283	2369	2369	0	0
IS	284	2336	2336	0	0
IS	285	2279	2279	0	0
IS	286	2258	2258	0	0
IS	287	2295	2295	0	0
IS	288	2130	2130	0	0
IS	289	2153	2153	0	0
IS	290	2075	2075	0	0
IS	291	2016	2016	0	0
IS	292	2037	2037	0	0
IS	293	2042	2042	0	0
IS	294	1988	1988	0	0
IS	295	1833	1833	0	0
IS	296	1903	1903	0	0
IS	297	1899	1899	0	0
IS	298	1787	1787	0	0
IS	299	1870	1870	0	0
IS	300	1802	1802	0	0
IS	301	1803	1803	0	0
IS	302	1689	1689	0	0
IS	303	1736	1736	0	0
IS	304	1739	1739	0	0
IS	305	1629	1629	0	0
IS	306	1611	1611	0	0
IS	307	1654	1654	0	0
IS	308	1471	1471	0	0
IS	309	1634	1634	0	0
IS	310	1522	1522	0	0
IS	311	1522	1522	0	0
IS	312	1492	1492	0	0
IS	313	1509	1509	0	0
IS	314	1436	1436	0	0
IS	315	1416	1416	0	0
IS	316	1393	1393	0	0
IS	317	1346	1346	0	0
IS	318	1283	1283	0	0
IS	319	1291	1291	0	0
IS	320	1269	1269	0	0
IS	321	1256	1256	0	0
IS	322	1248	1248	0	0
IS	323	1220	1220	0	0
IS	324	1159	1159	0	0
IS	325	1156	1156	0	0
IS	326	1178	1178	0	0
IS	327	1173	1173	0	0
IS	328	1075	1075	0	0
IS	329	1097	1097	0	0
IS	330	1126	1126	0	0
IS	331	1074	1074	0	0
IS	332	1055	1055	0	0
IS	333	1034	1034	0	0
IS	334	1005	1005	0	0
IS	335	1016	1016	0	0
IS	336	962	962	0	0
IS	337	986	986	0	0
IS	338	998	998	0	0
IS	339	945	945	0	0
IS	340	889	889	0	0
IS	341	968	968	0	0
IS	342	864	864	0	0
IS	343	936	936	0	0
IS	344	856	856	0	0
IS	345	862	862	0	0
IS	346	889	889	0	0
IS	347	789	789	0	0
IS	348	815	815	0	0
IS	349	734	734	0	0
IS	350	753	753	0	0
IS	351	764	764	0	0
IS	352	707	707	0	0
IS	353	778	778	0	0
IS	354	725	725	0	0
IS	355	672	672	0	0
IS	356	693	693	0	0
IS	357	664	664	0	0
IS	358	660	660	0	0
IS	359	700	700	0	0
IS	360	671	671	0	0
IS	361	629	629	0	0
IS	362	658	658	0	0
IS	363	568	568	0	0
IS	364	602	602	0	0
IS	365	576	576	0	0
IS	366	575	575	0	0
IS	367	594	594	0	0
IS	368	576	576	0	0
IS	369	576	576	0	0
IS	370	560	560	0	0
IS	371	524	524	0	0
IS	372	492	492	0	0
IS	373	527	527	0	0
IS	374	548	548	0	0
IS	375	503	503	0	0
IS	376	508	508	0	0
IS	377	473	473	0	0
IS	378	434	434	0	0
IS	379	449	449	0	0
IS	380	473	473	0	0
IS	381	460	460	0	0
IS	382	451	451	0	0
IS	383	423	423	0	0
IS	384	430	430	0	0
IS	385	394	394	0	0
IS	386	434	434	0	0
IS	387	365	365	0	0
IS	388	382	382	0	0
IS	389	415	415	0	0
IS	390	373	373	0	0
IS	391	409	409	0	0
IS	392	350	350	0	0
IS	393	386	386	0	0
IS	394	367	367	0	0
IS	395	330	330	0	0
IS	396	322	322	0	0
IS	397	318	318	0	0
IS	398	305	305	0	0
IS	399	311	311	0	0
IS	400	332	332	0	0
IS	401	319	319	0	0
IS	402	289	289	0	0
IS	403	315	315	0	0
IS	404	279	279	0	0
IS	405	300	300	0	0
IS	406	263	263	0	0
IS	407	279	279	0	0
IS	408	244	244	0	0
IS	409	271	271	0	0
IS	410	264	264	0	0
IS	411	216	216	0	0
IS	412	233	233	0	0
IS	413	243	243	0	0
IS	414	236	236	0	0
IS	415	227	227	0	0
IS	416	218	218	0	0
IS	417	199	199	0	0
IS	418	227	227	0	0
IS	419	196	196	0	0
IS	420	217	217	0	0
IS	421	222	222	0	0
IS	422	195	195	0	0
IS	423	220	219	0	1
IS	424	181	181	0	0
# Read lengths. Use `grep ^RL | cut -f 2-` to extract this part. The columns are: read length, count
RL	30	2
RL	31	2
RL	32	4
RL	34	3
RL	35	8
RL	36	1
RL	37	4
RL	38	3
RL	39	4
RL	40	1
RL	41	7
RL	42	9
RL	43	6
RL	44	6
RL	46	6
RL	47	2
RL	48	11
RL	49	2
RL	50	4
RL	51	4
RL	52	6
RL	53	11
RL	54	2
RL	55	14
RL	56	2
RL	57	13
RL	58	14
RL	59	5
RL	60	17
RL	61	26
RL	62	34
RL	63	26
RL	64	37
RL	65	28
RL	66	18
RL	67	30
RL	68	40
RL	69	52
RL	70	50
RL	71	65
RL	72	66
RL	73	84
RL	74	103
RL	75	84
RL	76	116
RL	77	130
RL	78	132
RL	79	177
RL	80	198
RL	81	157
RL	82	235
RL	83	239
RL	84	256
RL	85	273
RL	86	305
RL	87	352
RL	88	405
RL	89	390
RL	90	504
RL	91	566
RL	92	611
RL	93	658
RL	94	750
RL	95	774
RL	96	928
RL	97	1000
RL	98	1047
RL	99	1124
RL	100	1147
RL	101	1377
RL	102	1471
RL	103	1590
RL	104	1596
RL	105	1867
RL	106	2002
RL	107	2026
RL	108	2228
RL	109	2382
RL	110	2618
RL	111	2799
RL	112	2903
RL	113	3050
RL	114	3229
RL	115	3632
RL	116	3662
RL	117	3965
RL	118	4033
RL	119	4207
RL	120	4448
RL	121	4658
RL	122	4939
RL	123	5045
RL	124	5418
RL	125	5587
RL	126	5794
RL	127	6050
RL	128	6324
RL	129	6532
RL	130	6878
RL	131	6868
RL	132	7279
RL	133	7330
RL	134	7827
RL	135	7989
RL	136	8053
RL	137	8447
RL	138	8724
RL	139	8942
RL	140	9216
RL	141	9159
RL	142	9668
RL	143	9604
RL	144	9863
RL	145	11205
RL	146	10204
RL	147	10418
RL	148	10500
RL	149	10474
RL	150	1656376
# Read lengths - first fragments. Use `grep ^FRL | cut -f 2-` to extract this part. The columns are: read length, count
FRL	30	1
FRL	31	1
FRL	32	2
FRL	34	2
FRL	35	4
FRL	37	3
FRL	38	1
FRL	39	2
FRL	40	1
FRL	41	4
FRL	42	4
FRL	43	2
FRL	44	3
FRL	46	3
FRL	47	1
FRL	48	5
FRL	49	1
FRL	50	2
FRL	51	2
FRL	52	4
FRL	53	6
FRL	54	1
FRL	55	7
FRL	56	1
FRL	57	6
FRL	58	7
FRL	59	2
FRL	60	8
FRL	61	13
FRL	62	17
FRL	63	13
FRL	64	19
FRL	65	14
FRL	66	10
FRL	67	15
FRL	68	20
FRL	69	26
FRL	70	25
FRL	71	32
FRL	72	33
FRL	73	42
FRL	74	51
FRL	75	42
FRL	76	58
FRL	77	65
FRL	78	67
FRL	79	89
FRL	80	99
FRL	81	80
FRL	82	117
FRL	83	119
FRL	84	128
FRL	85	137
FRL	86	152
FRL	87	176
FRL	88	202
FRL	89	195
FRL	90	253
FRL	91	282
FRL	92	305
FRL	93	328
FRL	94	375
FRL	95	387
FRL	96	464
FRL	97	500
FRL	98	524
FRL	99	562
FRL	100	574
FRL	101	689
FRL	102	736
FRL	103	796
FRL	104	798
FRL	105	935
FRL	106	1001
FRL	107	1014
FRL	108	1113
FRL	109	1190
FRL	110	1310
FRL	111	1400
FRL	112	1454
FRL	113	1525
FRL	114	1614
FRL	115	1817
FRL	116	1832
FRL	117	1983
FRL	118	2017
FRL	119	2107
FRL	120	2227
FRL	121	2332
FRL	122	2471
FRL	123	2523
FRL	124	2711
FRL	125	2795
FRL	126	2900
FRL	127	3027
FRL	128	3163
FRL	129	3271
FRL	130	3440
FRL	131	3436
FRL	132	3641
FRL	133	3667
FRL	134	3916
FRL	135	3999
FRL	136	4029
FRL	137	4226
FRL	138	4364
FRL	139	4475
FRL	140	4614
FRL	141	4587
FRL	142	4835
FRL	143	4810
FRL	144	4934
FRL	145	5591
FRL	146	5102
FRL	147	5209
FRL	148	5250
FRL	149	5237
FRL	150	828477
# Read lengths - last fragments. Use `grep ^LRL | cut -f 2-` to extract this part. The columns are: read length, count
LRL	30	1
LRL	31	1
LRL	32	2
LRL	34	1
LRL	35	4
LRL	36	1
LRL	37	1
LRL	38	2
LRL	39	2
LRL	41	3
LRL	42	5
LRL	43	4
LRL	44	3
LRL	46	3
LRL	47	1
LRL	48	6
LRL	49	1
LRL	50	2
LRL	51	2
LRL	52	2
LRL	53	5
LRL	54	1
LRL	55	7
LRL	56	1
LRL	57	7
LRL	58	7
LRL	59	3
LRL	60	9
LRL	61	13
LRL	62	17
LRL	63	13
LRL	64	18
LRL	65	14
LRL	66	8
LRL	67	15
LRL	68	20
LRL	69	26
LRL	70	25
LRL	71	33
LRL	72	33
LRL	73	42
LRL	74	52
LRL	75	42
LRL	76	58
LRL	77	65
LRL	78	65
LRL	79	88
LRL	80	99
LRL	81	77
LRL	82	118
LRL	83	120
LRL	84	128
LRL	85	136
LRL	86	153
LRL	87	176
LRL	88	203
LRL	89	195
LRL	90	251
LRL	91	284
LRL	92	306
LRL	93	330
LRL	94	375
LRL	95	387
LRL	96	464
LRL	97	500
LRL	98	523
LRL	99	562
LRL	100	573
LRL	101	688
LRL	102	735
LRL	103	794
LRL	104	798
LRL	105	932
LRL	106	1001
LRL	107	1012
LRL	108	1115
LRL	109	1192
LRL	110	1308
LRL	111	1399
LRL	112	1449
LRL	113	1525
LRL	114	1615
LRL	115	1815
LRL	116	1830
LRL	117	1982
LRL	118	2016
LRL	119	2100
LRL	120	2221
LRL	121	2326
LRL	122	2468
LRL	123	2522
LRL	124	2707
LRL	125	2792
LRL	126	2894
LRL	127	3023
LRL	128	3161
LRL	129	3261
LRL	130	3438
LRL	131	3432
LRL	132	3638
LRL	133	3663
LRL	134	3911
LRL	135	3990
LRL	136	4024
LRL	137	4221
LRL	138	4360
LRL	139	4467
LRL	140	4602
LRL	141	4572
LRL	142	4833
LRL	143	4794
LRL	144	4929
LRL	145	5614
LRL	146	5102
LRL	147	5209
LRL	148	5250
LRL	149	5237
LRL	150	827899
# Mapping qualities for reads !(UNMAP|SECOND|SUPPL|QCFAIL|DUP). Use `grep ^MAPQ | cut -f 2-` to extract this part. The columns are: mapq, count
MAPQ	20	55
MAPQ	21	216
MAPQ	22	95
MAPQ	23	113
MAPQ	24	149
MAPQ	25	468
MAPQ	26	39
MAPQ	27	1792
MAPQ	28	29
MAPQ	29	27
MAPQ	30	69
MAPQ	31	68
MAPQ	32	47
MAPQ	33	234
MAPQ	34	21
MAPQ	35	34
MAPQ	36	45
MAPQ	37	67
MAPQ	38	24
MAPQ	39	196
MAPQ	40	2267
MAPQ	41	169
MAPQ	42	108
MAPQ	43	325
MAPQ	44	194
MAPQ	45	623
MAPQ	46	762
MAPQ	47	637
MAPQ	48	4346
MAPQ	49	536
MAPQ	50	395
MAPQ	51	175
MAPQ	52	336
MAPQ	53	109
MAPQ	54	142
MAPQ	55	154
MAPQ	56	147
MAPQ	57	733
MAPQ	58	145
MAPQ	59	421
MAPQ	60	1916370
# Indel distribution. Use `grep ^ID | cut -f 2-` to extract this part. The columns are: length, number of insertions, number of deletions
ID	1	12237	12943
ID	2	3644	5584
ID	3	1562	2123
ID	4	2010	2274
ID	5	438	600
ID	6	310	808
ID	7	126	102
ID	8	126	512
ID	9	72	124
ID	10	70	208
ID	11	87	110
ID	12	71	163
ID	13	4	27
ID	14	60	79
ID	15	8	40
ID	16	45	16
ID	17	9	19
ID	18	14	55
ID	19	30	12
ID	20	13	18
ID	21	57	6
ID	22	49	2
ID	23	2	2
ID	24	6	6
ID	26	0	39
ID	27	2	0
ID	28	0	5
ID	29	11	0
ID	30	0	1
ID	32	13	1
ID	34	0	1
ID	35	0	49
ID	36	0	2
ID	38	0	1
ID	40	0	1
ID	48	0	10
ID	49	0	15
# Indels per cycle. Use `grep ^IC | cut -f 2-` to extract this part. The columns are: cycle, number of insertions (fwd), .. (rev) , number of deletions (fwd), .. (rev)
IC	3	0	0	35	28
IC	4	24	33	23	22
IC	5	40	38	38	52
IC	6	38	47	49	50
IC	7	54	63	62	65
IC	8	51	47	77	67
IC	9	51	48	61	72
IC	10	79	48	59	63
IC	11	57	90	72	55
IC	12	75	62	76	79
IC	13	63	57	75	78
IC	14	58	66	82	88
IC	15	60	54	81	87
IC	16	72	81	90	80
IC	17	70	69	76	95
IC	18	53	72	84	94
IC	19	69	87	104	102
IC	20	70	81	85	83
IC	21	80	88	87	103
IC	22	100	94	96	75
IC	23	78	70	98	81
IC	24	86	97	94	107
IC	25	93	101	107	113
IC	26	87	67	95	105
IC	27	91	84	100	106
IC	28	78	73	98	109
IC	29	77	77	101	94
IC	30	75	72	101	100
IC	31	91	76	111	96
IC	32	83	69	105	90
IC	33	74	72	110	104
IC	34	76	78	91	104
IC	35	66	71	96	98
IC	36	74	62	74	91
IC	37	75	85	97	90
IC	38	80	66	88	76
IC	39	79	62	114	95
IC	40	90	78	110	104
IC	41	79	89	99	90
IC	42	82	79	96	83
IC	43	80	63	114	111
IC	44	85	81	81	100
IC	45	97	65	103	105
IC	46	84	72	92	94
IC	47	90	89	95	101
IC	48	90	83	108	93
IC	49	90	86	113	120
IC	50	82	64	104	106
IC	51	87	77	91	84
IC	52	78	87	104	85
IC	53	73	86	110	101
IC	54	69	93	113	89
IC	55	84	73	100	81
IC	56	96	73	94	104
IC	57	88	92	76	100
IC	58	88	87	94	99
IC	59	79	94	70	97
IC	60	80	72	108	102
IC	61	93	68	105	114
IC	62	91	74	96	110
IC	63	84	80	107	82
IC	64	111	78	108	104
IC	65	80	85	97	110
IC	66	72	72	111	103
IC	67	76	60	94	115
IC	68	86	89	106	128
IC	69	86	79	103	123
IC	70	78	88	107	93
IC	71	86	86	100	117
IC	72	85	79	97	93
IC	73	71	81	106	120
IC	74	101	84	111	100
IC	75	87	69	102	91
IC	76	84	88	114	107
IC	77	88	82	88	102
IC	78	77	80	120	112
IC	79	90	91	107	84
IC	80	61	75	90	122
IC	81	84	78	98	92
IC	82	80	83	111	97
IC	83	82	82	101	97
IC	84	95	58	94	113
IC	85	104	74	97	98
IC	86	92	120	97	102
IC	87	72	87	105	98
IC	88	71	91	82	90
IC	89	92	82	119	105
IC	90	80	83	97	107
IC	91	69	84	99	87
IC	92	69	91	99	90
IC	93	75	82	105	104
IC	94	83	71	94	95
IC	95	85	94	93	105
IC	96	91	96	101	89
IC	97	74	97	102	111
IC	98	74	82	92	92
IC	99	68	85	80	99
IC	100	86	77	99	111
IC	101	81	60	83	110
IC	102	80	86	103	80
IC	103	78	74	102	86
IC	104	77	96	107	104
IC	105	72	71	101	87
IC	106	71	81	119	121
IC	107	71	75	90	111
IC	108	80	74	90	109
IC	109	93	82	109	129
IC	110	71	79	100	99
IC	111	95	82	102	95
IC	112	77	61	92	106
IC	113	88	83	96	107
IC	114	61	74	105	85
IC	115	68	85	103	106
IC	116	97	57	99	96
IC	117	72	63	81	76
IC	118	88	88	82	70
IC	119	71	72	76	85
IC	120	57	70	93	84
IC	121	72	75	75	94
IC	122	58	70	94	85
IC	123	77	65	103	88
IC	124	65	71	85	83
IC	125	76	70	90	80
IC	126	78	64	90	86
IC	127	74	70	102	71
IC	128	63	77	72	75
IC	129	62	71	85	77
IC	130	80	54	93	88
IC	131	66	49	68	79
IC	132	71	60	89	76
IC	133	82	61	85	70
IC	134	70	57	70	68
IC	135	43	53	71	72
IC	136	53	49	83	60
IC	137	68	65	51	53
IC	138	49	42	64	67
IC	139	42	43	55	52
IC	140	45	38	41	48
IC	141	40	45	54	60
IC	142	37	39	48	58
IC	143	36	29	50	41
IC	144	39	26	32	43
IC	145	34	28	37	36
IC	146	18	22	30	43
IC	147	21	17	23	27
# Coverage distribution. Use `grep ^COV | cut -f 2-` to extract this part.
COV	[1-1]	1	3327299
COV	[2-2]	2	1967872
COV	[3-3]	3	621817
COV	[4-4]	4	479038
COV	[5-5]	5	319828
COV	[6-6]	6	258428
COV	[7-7]	7	201179
COV	[8-8]	8	171283
COV	[9-9]	9	147387
COV	[10-10]	10	129747
COV	[11-11]	11	115686
COV	[12-12]	12	103462
COV	[13-13]	13	95787
COV	[14-14]	14	87289
COV	[15-15]	15	80060
COV	[16-16]	16	75274
COV	[17-17]	17	70654
COV	[18-18]	18	67322
COV	[19-19]	19	63296
COV	[20-20]	20	60853
COV	[21-21]	21	58023
COV	[22-22]	22	55243
COV	[23-23]	23	53097
COV	[24-24]	24	51669
COV	[25-25]	25	50108
COV	[26-26]	26	48429
COV	[27-27]	27	47398
COV	[28-28]	28	46138
COV	[29-29]	29	45237
COV	[30-30]	30	43146
COV	[31-31]	31	42020
COV	[32-32]	32	40681
COV	[33-33]	33	39871
COV	[34-34]	34	39068
COV	[35-35]	35	39172
COV	[36-36]	36	37991
COV	[37-37]	37	37425
COV	[38-38]	38	37424
COV	[39-39]	39	36456
COV	[40-40]	40	35825
COV	[41-41]	41	35453
COV	[42-42]	42	34573
COV	[43-43]	43	34151
COV	[44-44]	44	33747
COV	[45-45]	45	33423
COV	[46-46]	46	32690
COV	[47-47]	47	32781
COV	[48-48]	48	32040
COV	[49-49]	49	31189
COV	[50-50]	50	30885
COV	[51-51]	51	30315
COV	[52-52]	52	29964
COV	[53-53]	53	29716
COV	[54-54]	54	30079
COV	[55-55]	55	29249
COV	[56-56]	56	29141
COV	[57-57]	57	28964
COV	[58-58]	58	28352
COV	[59-59]	59	28350
COV	[60-60]	60	28047
COV	[61-61]	61	27547
COV	[62-62]	62	27165
COV	[63-63]	63	26522
COV	[64-64]	64	26353
COV	[65-65]	65	26420
COV	[66-66]	66	25753
COV	[67-67]	67	26106
COV	[68-68]	68	25946
COV	[69-69]	69	25714
COV	[70-70]	70	24985
COV	[71-71]	71	24911
COV	[72-72]	72	24878
COV	[73-73]	73	24401
COV	[74-74]	74	23789
COV	[75-75]	75	24057
COV	[76-76]	76	23587
COV	[77-77]	77	23308
COV	[78-78]	78	23171
COV	[79-79]	79	22931
COV	[80-80]	80	22686
COV	[81-81]	81	22536
COV	[82-82]	82	21899
COV	[83-83]	83	21744
COV	[84-84]	84	21193
COV	[85-85]	85	21413
COV	[86-86]	86	21069
COV	[87-87]	87	20805
COV	[88-88]	88	20743
COV	[89-89]	89	20314
COV	[90-90]	90	20238
COV	[91-91]	91	19871
COV	[92-92]	92	19360
COV	[93-93]	93	19395
COV	[94-94]	94	18819
COV	[95-95]	95	18650
COV	[96-96]	96	18149
COV	[97-97]	97	17955
COV	[98-98]	98	17618
COV	[99-99]	99	17607
COV	[100-100]	100	17528
COV	[101-101]	101	17185
COV	[102-102]	102	16801
COV	[103-103]	103	16609
COV	[104-104]	104	16737
COV	[105-105]	105	16087
COV	[106-106]	106	15977
COV	[107-107]	107	15724
COV	[108-108]	108	15320
COV	[109-109]	109	15134
COV	[110-110]	110	14755
COV	[111-111]	111	14656
COV	[112-112]	112	14254
COV	[113-113]	113	13988
COV	[114-114]	114	13788
COV	[115-115]	115	13928
COV	[116-116]	116	13644
COV	[117-117]	117	13185
COV	[118-118]	118	13000
COV	[119-119]	119	12827
COV	[120-120]	120	12462
COV	[121-121]	121	12663
COV	[122-122]	122	12209
COV	[123-123]	123	12005
COV	[124-124]	124	11549
COV	[125-125]	125	11338
COV	[126-126]	126	10981
COV	[127-127]	127	11020
COV	[128-128]	128	10989
COV	[129-129]	129	10836
COV	[130-130]	130	10444
COV	[131-131]	131	10201
COV	[132-132]	132	10212
COV	[133-133]	133	9961
COV	[134-134]	134	9850
COV	[135-135]	135	9844
COV	[136-136]	136	9437
COV	[137-137]	137	9398
COV	[138-138]	138	8930
COV	[139-139]	139	8798
COV	[140-140]	140	8551
COV	[141-141]	141	8465
COV	[142-142]	142	8248
COV	[143-143]	143	8259
COV	[144-144]	144	7929
COV	[145-145]	145	7872
COV	[146-146]	146	7662
COV	[147-147]	147	7517
COV	[148-148]	148	7269
COV	[149-149]	149	7156
COV	[150-150]	150	7051
COV	[151-151]	151	6989
COV	[152-152]	152	6939
COV	[153-153]	153	6460
COV	[154-154]	154	6416
COV	[155-155]	155	6176
COV	[156-156]	156	6020
COV	[157-157]	157	5938
COV	[158-158]	158	5817
COV	[159-159]	159	5639
COV	[160-160]	160	5423
COV	[161-161]	161	5280
COV	[162-162]	162	5251
COV	[163-163]	163	5119
COV	[164-164]	164	4956
COV	[165-165]	165	4757
COV	[166-166]	166	4628
COV	[167-167]	167	4680
COV	[168-168]	168	4334
COV	[169-169]	169	4298
COV	[170-170]	170	4067
COV	[171-171]	171	4157
COV	[172-172]	172	4002
COV	[173-173]	173	3938
COV	[174-174]	174	3712
COV	[175-175]	175	3713
COV	[176-176]	176	3665
COV	[177-177]	177	3526
COV	[178-178]	178	3495
COV	[179-179]	179	3424
COV	[180-180]	180	3218
COV	[181-181]	181	3155
COV	[182-182]	182	3117
COV	[183-183]	183	3020
COV	[184-184]	184	2953
COV	[185-185]	185	2773
COV	[186-186]	186	2786
COV	[187-187]	187	2719
COV	[188-188]	188	2841
COV	[189-189]	189	2615
COV	[190-190]	190	2584
COV	[191-191]	191	2480
COV	[192-192]	192	2422
COV	[193-193]	193	2400
COV	[194-194]	194	2245
COV	[195-195]	195	2391
COV	[196-196]	196	2221
COV	[197-197]	197	2290
COV	[198-198]	198	2123
COV	[199-199]	199	2123
COV	[200-200]	200	1983
COV	[201-201]	201	1993
COV	[202-202]	202	1888
COV	[203-203]	203	1904
COV	[204-204]	204	1897
COV	[205-205]	205	1863
COV	[206-206]	206	1877
COV	[207-207]	207	1751
COV	[208-208]	208	1751
COV	[209-209]	209	1777
COV	[210-210]	210	1749
COV	[211-211]	211	1671
COV	[212-212]	212	1675
COV	[213-213]	213	1551
COV	[214-214]	214	1526
COV	[215-215]	215	1396
COV	[216-216]	216	1462
COV	[217-217]	217	1381
COV	[218-218]	218	1425
COV	[219-219]	219	1462
COV	[220-220]	220	1288
COV	[221-221]	221	1255
COV	[222-222]	222	1204
COV	[223-223]	223	1147
COV	[224-224]	224	1102
COV	[225-225]	225	1180
COV	[226-226]	226	1098
COV	[227-227]	227	1065
COV	[228-228]	228	1125
COV	[229-229]	229	982
COV	[230-230]	230	1043
COV	[231-231]	231	1001
COV	[232-232]	232	985
COV	[233-233]	233	950
COV	[234-234]	234	971
COV	[235-235]	235	931
COV	[236-236]	236	864
COV	[237-237]	237	787
COV	[238-238]	238	834
COV	[239-239]	239	801
COV	[240-240]	240	842
COV	[241-241]	241	813
COV	[242-242]	242	758
COV	[243-243]	243	806
COV	[244-244]	244	725
COV	[245-245]	245	719
COV	[246-246]	246	676
COV	[247-247]	247	722
COV	[248-248]	248	670
COV	[249-249]	249	643
COV	[250-250]	250	648
COV	[251-251]	251	633
COV	[252-252]	252	564
COV	[253-253]	253	555
COV	[254-254]	254	575
COV	[255-255]	255	583
COV	[256-256]	256	594
COV	[257-257]	257	572
COV	[258-258]	258	554
COV	[259-259]	259	571
COV	[260-260]	260	517
COV	[261-261]	261	487
COV	[262-262]	262	529
COV	[263-263]	263	523
COV	[264-264]	264	514
COV	[265-265]	265	480
COV	[266-266]	266	521
COV	[267-267]	267	503
COV	[268-268]	268	496
COV	[269-269]	269	445
COV	[270-270]	270	406
COV	[271-271]	271	377
COV	[272-272]	272	409
COV	[273-273]	273	382
COV	[274-274]	274	341
COV	[275-275]	275	346
COV	[276-276]	276	362
COV	[277-277]	277	330
COV	[278-278]	278	306
COV	[279-279]	279	301
COV	[280-280]	280	329
COV	[281-281]	281	361
COV	[282-282]	282	376
COV	[283-283]	283	326
COV	[284-284]	284	336
COV	[285-285]	285	327
COV	[286-286]	286	306
COV	[287-287]	287	265
COV	[288-288]	288	295
COV	[289-289]	289	284
COV	[290-290]	290	304
COV	[291-291]	291	239
COV	[292-292]	292	218
COV	[293-293]	293	243
COV	[294-294]	294	239
COV	[295-295]	295	243
COV	[296-296]	296	224
COV	[297-297]	297	219
COV	[298-298]	298	221
COV	[299-299]	299	220
COV	[300-300]	300	180
COV	[301-301]	301	205
COV	[302-302]	302	212
COV	[303-303]	303	189
COV	[304-304]	304	206
COV	[305-305]	305	185
COV	[306-306]	306	159
COV	[307-307]	307	189
COV	[308-308]	308	159
COV	[309-309]	309	154
COV	[310-310]	310	182
COV	[311-311]	311	170
COV	[312-312]	312	154
COV	[313-313]	313	161
COV	[314-314]	314	163
COV	[315-315]	315	161
COV	[316-316]	316	159
COV	[317-317]	317	162
COV	[318-318]	318	153
COV	[319-319]	319	141
COV	[320-320]	320	134
COV	[321-321]	321	128
COV	[322-322]	322	136
COV	[323-323]	323	133
COV	[324-324]	324	103
COV	[325-325]	325	110
COV	[326-326]	326	132
COV	[327-327]	327	137
COV	[328-328]	328	121
COV	[329-329]	329	97
COV	[330-330]	330	126
COV	[331-331]	331	95
COV	[332-332]	332	136
COV	[333-333]	333	115
COV	[334-334]	334	79
COV	[335-335]	335	114
COV	[336-336]	336	116
COV	[337-337]	337	104
COV	[338-338]	338	107
COV	[339-339]	339	93
COV	[340-340]	340	95
COV	[341-341]	341	109
COV	[342-342]	342	92
COV	[343-343]	343	87
COV	[344-344]	344	87
COV	[345-345]	345	65
COV	[346-346]	346	78
COV	[347-347]	347	59
COV	[348-348]	348	70
COV	[349-349]	349	76
COV	[350-350]	350	87
COV	[351-351]	351	75
COV	[352-352]	352	78
COV	[353-353]	353	87
COV	[354-354]	354	85
COV	[355-355]	355	83
COV	[356-356]	356	65
COV	[357-357]	357	73
COV	[358-358]	358	81
COV	[359-359]	359	61
COV	[360-360]	360	56
COV	[361-361]	361	58
COV	[362-362]	362	66
COV	[363-363]	363	68
COV	[364-364]	364	53
COV	[365-365]	365	52
COV	[366-366]	366	54
COV	[367-367]	367	41
COV	[368-368]	368	49
COV	[369-369]	369	63
COV	[370-370]	370	51
COV	[371-371]	371	55
COV	[372-372]	372	50
COV	[373-373]	373	49
COV	[374-374]	374	35
COV	[375-375]	375	42
COV	[376-376]	376	42
COV	[377-377]	377	49
COV	[378-378]	378	38
COV	[379-379]	379	39
COV	[380-380]	380	46
COV	[381-381]	381	37
COV	[382-382]	382	49
COV	[383-383]	383	41
COV	[384-384]	384	40
COV	[385-385]	385	48
COV	[386-386]	386	40
COV	[387-387]	387	45
COV	[388-388]	388	38
COV	[389-389]	389	36
COV	[390-390]	390	35
COV	[391-391]	391	29
COV	[392-392]	392	23
COV	[393-393]	393	18
COV	[394-394]	394	15
COV	[395-395]	395	12
COV	[396-396]	396	17
COV	[397-397]	397	13
COV	[398-398]	398	11
COV	[399-399]	399	8
COV	[400-400]	400	15
COV	[401-401]	401	19
COV	[402-402]	402	11
COV	[403-403]	403	7
COV	[404-404]	404	13
COV	[405-405]	405	8
COV	[406-406]	406	12
COV	[407-407]	407	14
COV	[408-408]	408	8
COV	[409-409]	409	16
COV	[410-410]	410	12
COV	[411-411]	411	12
COV	[412-412]	412	15
COV	[413-413]	413	9
COV	[414-414]	414	13
COV	[415-415]	415	17
COV	[416-416]	416	11
COV	[417-417]	417	16
COV	[418-418]	418	4
COV	[419-419]	419	7
COV	[420-420]	420	9
COV	[421-421]	421	3
COV	[422-422]	422	7
COV	[423-423]	423	5
COV	[424-424]	424	5
COV	[425-425]	425	3
COV	[426-426]	426	5
COV	[427-427]	427	6
COV	[428-428]	428	3
COV	[429-429]	429	4
COV	[430-430]	430	4
COV	[431-431]	431	2
COV	[432-432]	432	4
COV	[433-433]	433	4
COV	[434-434]	434	5
COV	[435-435]	435	5
COV	[436-436]	436	1
COV	[437-437]	437	8
COV	[438-438]	438	6
COV	[439-439]	439	2
COV	[440-440]	440	9
COV	[441-441]	441	1
COV	[442-442]	442	4
COV	[443-443]	443	5
COV	[444-444]	444	5
COV	[445-445]	445	7
COV	[446-446]	446	5
COV	[447-447]	447	4
COV	[448-448]	448	11
COV	[449-449]	449	5
COV	[450-450]	450	11
COV	[451-451]	451	10
COV	[452-452]	452	7
COV	[453-453]	453	10
COV	[454-454]	454	12
COV	[455-455]	455	13
COV	[456-456]	456	18
COV	[457-457]	457	9
COV	[458-458]	458	17
COV	[459-459]	459	12
COV	[460-460]	460	9
COV	[461-461]	461	10
COV	[462-462]	462	7
COV	[463-463]	463	13
COV	[464-464]	464	7
COV	[465-465]	465	4
COV	[466-466]	466	2
COV	[467-467]	467	4
COV	[468-468]	468	5
COV	[469-469]	469	1
COV	[470-470]	470	6
COV	[471-471]	471	2
COV	[472-472]	472	2
COV	[473-473]	473	3
COV	[474-474]	474	1
COV	[476-476]	476	4
COV	[477-477]	477	2
COV	[478-478]	478	5
COV	[479-479]	479	4
COV	[480-480]	480	1
COV	[481-481]	481	5
COV	[482-482]	482	7
COV	[483-483]	483	2
COV	[484-484]	484	4
COV	[485-485]	485	6
COV	[486-486]	486	4
COV	[487-487]	487	1
COV	[488-488]	488	4
COV	[489-489]	489	1
COV	[492-492]	492	2
COV	[493-493]	493	4
COV	[495-495]	495	1
COV	[496-496]	496	2
COV	[497-497]	497	2
COV	[498-498]	498	1
COV	[499-499]	499	3
COV	[500-500]	500	3
COV	[501-501]	501	2
COV	[503-503]	503	1
COV	[504-504]	504	2
COV	[505-505]	505	2
COV	[506-506]	506	2
COV	[507-507]	507	1
COV	[508-508]	508	2
COV	[510-510]	510	4
COV	[512-512]	512	4
COV	[513-513]	513	6
COV	[514-514]	514	2
COV	[515-515]	515	3
COV	[517-517]	517	2
COV	[518-518]	518	1
COV	[520-520]	520	1
COV	[523-523]	523	2
COV	[525-525]	525	2
COV	[526-526]	526	1
COV	[527-527]	527	1
COV	[529-529]	529	1
COV	[530-530]	530	2
COV	[533-533]	533	1
COV	[535-535]	535	2
COV	[536-536]	536	1
COV	[537-537]	537	1
COV	[538-538]	538	1
COV	[539-539]	539	1
COV	[540-540]	540	1
COV	[543-543]	543	2
COV	[544-544]	544	1
COV	[545-545]	545	1
COV	[547-547]	547	1
COV	[548-548]	548	1
COV	[550-550]	550	1
COV	[551-551]	551	1
COV	[552-552]	552	1
COV	[555-555]	555	2
COV	[557-557]	557	1
COV	[558-558]	558	1
COV	[560-560]	560	2
COV	[561-561]	561	2
COV	[565-565]	565	2
COV	[567-567]	567	1
COV	[569-569]	569	1
COV	[572-572]	572	2
COV	[575-575]	575	2
COV	[577-577]	577	1
COV	[578-578]	578	5
COV	[579-579]	579	1
COV	[580-580]	580	4
COV	[581-581]	581	2
COV	[583-583]	583	1
COV	[585-585]	585	2
COV	[588-588]	588	2
COV	[589-589]	589	1
COV	[592-592]	592	2
COV	[593-593]	593	2
COV	[595-595]	595	1
COV	[596-596]	596	2
COV	[598-598]	598	2
COV	[599-599]	599	1
COV	[601-601]	601	2
COV	[602-602]	602	1
COV	[603-603]	603	2
COV	[604-604]	604	4
COV	[605-605]	605	1
COV	[606-606]	606	1
COV	[607-607]	607	1
COV	[608-608]	608	6
COV	[609-609]	609	4
COV	[610-610]	610	6
COV	[611-611]	611	1
COV	[612-612]	612	5
COV	[613-613]	613	7
COV	[614-614]	614	2
COV	[615-615]	615	4
COV	[617-617]	617	1
COV	[618-618]	618	3
COV	[619-619]	619	3
COV	[620-620]	620	6
COV	[621-621]	621	3
COV	[622-622]	622	2
COV	[623-623]	623	4
COV	[624-624]	624	3
COV	[625-625]	625	3
COV	[626-626]	626	4
COV	[627-627]	627	3
COV	[628-628]	628	5
COV	[629-629]	629	4
COV	[630-630]	630	2
COV	[631-631]	631	9
COV	[632-632]	632	3
COV	[633-633]	633	4
COV	[634-634]	634	5
COV	[635-635]	635	5
COV	[636-636]	636	3
COV	[637-637]	637	2
COV	[639-639]	639	3
COV	[640-640]	640	4
COV	[641-641]	641	2
COV	[642-642]	642	3
COV	[643-643]	643	2
COV	[644-644]	644	2
COV	[645-645]	645	2
COV	[646-646]	646	3
COV	[647-647]	647	4
COV	[648-648]	648	1
COV	[649-649]	649	3
COV	[650-650]	650	2
COV	[651-651]	651	2
COV	[652-652]	652	2
COV	[653-653]	653	1
COV	[654-654]	654	1
COV	[655-655]	655	2
COV	[656-656]	656	3
COV	[658-658]	658	1
COV	[659-659]	659	1
COV	[661-661]	661	1
COV	[662-662]	662	2
COV	[664-664]	664	3
COV	[665-665]	665	2
COV	[668-668]	668	2
COV	[670-670]	670	2
COV	[671-671]	671	1
COV	[672-672]	672	3
COV	[673-673]	673	1
COV	[674-674]	674	1
COV	[676-676]	676	2
COV	[677-677]	677	2
COV	[679-679]	679	1
COV	[680-680]	680	1
COV	[682-682]	682	4
COV	[683-683]	683	1
COV	[684-684]	684	1
COV	[685-685]	685	3
COV	[686-686]	686	1
COV	[687-687]	687	1
COV	[688-688]	688	3
COV	[691-691]	691	2
COV	[693-693]	693	2
COV	[694-694]	694	3
COV	[695-695]	695	3
COV	[696-696]	696	1
COV	[697-697]	697	2
COV	[698-698]	698	1
COV	[700-700]	700	3
COV	[701-701]	701	2
COV	[702-702]	702	2
COV	[703-703]	703	4
COV	[704-704]	704	1
COV	[705-705]	705	1
COV	[706-706]	706	4
COV	[707-707]	707	3
COV	[709-709]	709	2
COV	[710-710]	710	3
COV	[711-711]	711	3
COV	[713-713]	713	1
COV	[716-716]	716	2
COV	[722-722]	722	1
COV	[726-726]	726	1
COV	[730-730]	730	1
COV	[737-737]	737	1
COV	[743-743]	743	1
COV	[744-744]	744	1
COV	[745-745]	745	1
COV	[748-748]	748	1
COV	[751-751]	751	1
COV	[756-756]	756	1
COV	[762-762]	762	1
COV	[764-764]	764	1
COV	[766-766]	766	2
COV	[770-770]	770	2
COV	[772-772]	772	2
COV	[774-774]	774	2
COV	[777-777]	777	1
COV	[782-782]	782	1
COV	[783-783]	783	1
COV	[784-784]	784	3
COV	[786-786]	786	1
COV	[787-787]	787	1
COV	[789-789]	789	1
COV	[790-790]	790	1
COV	[792-792]	792	3
COV	[793-793]	793	1
COV	[794-794]	794	2
COV	[795-795]	795	2
COV	[796-796]	796	1
COV	[798-798]	798	1
COV	[799-799]	799	1
COV	[800-800]	800	3
COV	[801-801]	801	1
COV	[802-802]	802	2
COV	[803-803]	803	3
COV	[804-804]	804	1
COV	[805-805]	805	4
COV	[806-806]	806	1
COV	[807-807]	807	1
# GC-depth. Use `grep ^GCD | cut -f 2-` to extract this part. The columns are: GC%, unique sequence percentiles, 10th, 25th, 50th, 75th and 90th depth percentile
GCD	0.0	0.794	0.007	0.007	0.007	0.007	0.015
GCD	0.4	0.798	0.007	0.007	0.007	0.007	0.007
GCD	10.0	0.803	0.022	0.022	0.022	0.022	0.022
GCD	11.0	0.807	0.015	0.015	0.015	0.015	0.015
GCD	13.0	0.812	0.015	0.015	0.015	0.015	0.015
GCD	14.0	0.830	0.015	0.015	0.015	0.020	0.022
GCD	15.0	0.839	0.015	0.015	0.015	0.015	0.015
GCD	16.0	0.876	0.015	0.015	0.015	0.015	0.051
GCD	17.0	0.890	0.015	0.015	0.015	0.015	0.015
GCD	18.0	0.899	0.015	0.015	0.015	0.015	0.015
GCD	19.0	0.945	0.008	0.015	0.015	0.015	0.081
GCD	20.0	0.986	0.007	0.007	0.015	0.015	0.029
GCD	21.0	1.046	0.007	0.011	0.015	0.015	0.050
GCD	22.0	1.096	0.007	0.007	0.015	0.015	0.028
GCD	23.0	1.156	0.007	0.007	0.015	0.022	0.026
GCD	24.0	1.261	0.007	0.007	0.015	0.250	0.376
GCD	25.0	1.472	0.007	0.007	0.015	0.287	0.578
GCD	26.0	1.651	0.007	0.015	0.029	0.529	0.764
GCD	27.0	1.959	0.007	0.007	0.022	0.470	0.712
GCD	28.0	2.344	0.007	0.015	0.279	0.676	1.117
GCD	29.0	2.821	0.007	0.015	0.500	0.919	1.143
GCD	30.0	3.472	0.010	0.015	0.515	0.981	1.358
GCD	31.0	4.467	0.007	0.015	0.485	0.926	1.253
GCD	32.0	5.532	0.015	0.015	0.669	1.138	1.476
GCD	33.0	7.288	0.007	0.015	0.250	1.117	1.589
GCD	34.0	9.022	0.015	0.015	0.500	1.180	1.764
GCD	35.0	11.343	0.007	0.015	0.401	1.266	1.669
GCD	36.0	13.962	0.015	0.015	0.176	1.117	1.738
GCD	37.0	17.017	0.007	0.015	0.059	1.088	1.764
GCD	38.0	20.237	0.015	0.015	0.059	1.104	1.819
GCD	39.0	23.961	0.015	0.015	0.044	1.183	1.882
GCD	40.0	27.447	0.015	0.015	0.044	1.099	1.785
GCD	41.0	31.309	0.015	0.015	0.029	1.044	1.863
GCD	42.0	35.304	0.015	0.015	0.029	0.882	1.748
GCD	43.0	39.684	0.015	0.015	0.029	0.919	1.691
GCD	44.0	43.936	0.015	0.015	0.029	0.684	1.661
GCD	45.0	48.752	0.015	0.015	0.029	0.434	1.498
GCD	46.0	53.357	0.015	0.015	0.029	0.397	1.580
GCD	47.0	58.458	0.015	0.015	0.029	0.323	1.539
GCD	48.0	63.136	0.015	0.015	0.029	0.265	1.466
GCD	49.0	67.741	0.015	0.015	0.029	0.211	1.378
GCD	50.0	71.993	0.015	0.015	0.029	0.257	1.442
GCD	51.0	75.998	0.015	0.015	0.015	0.088	1.389
GCD	52.0	79.442	0.015	0.015	0.029	0.176	1.420
GCD	53.0	82.506	0.007	0.015	0.015	0.246	1.692
GCD	54.0	85.001	0.015	0.015	0.015	0.243	1.779
GCD	55.0	87.455	0.015	0.015	0.015	0.713	2.029
GCD	56.0	89.363	0.015	0.015	0.029	0.832	2.166
GCD	57.0	90.813	0.015	0.015	0.029	0.937	2.141
GCD	58.0	92.111	0.015	0.015	0.029	1.294	2.440
GCD	59.0	93.262	0.015	0.015	0.044	1.470	2.840
GCD	60.0	94.267	0.015	0.015	0.103	1.544	3.175
GCD	61.0	95.175	0.015	0.015	0.059	1.617	3.491
GCD	62.0	95.821	0.015	0.015	0.235	1.735	3.462
GCD	63.0	96.308	0.015	0.015	0.044	1.591	3.271
GCD	64.0	96.766	0.015	0.015	0.044	1.599	2.770
GCD	65.0	97.216	0.015	0.015	0.044	1.466	3.145
GCD	66.0	97.610	0.015	0.015	0.029	1.489	2.324
GCD	67.0	97.963	0.015	0.015	0.022	0.864	1.727
GCD	68.0	98.275	0.015	0.015	0.029	0.934	1.900
GCD	69.0	98.619	0.015	0.015	0.015	0.529	1.673
GCD	70.0	98.918	0.015	0.015	0.015	0.029	0.729
GCD	71.0	99.184	0.015	0.015	0.015	0.029	0.075
GCD	72.0	99.454	0.015	0.015	0.015	0.029	0.198
GCD	73.0	99.711	0.015	0.015	0.015	0.029	0.107
GCD	74.0	99.853	0.015	0.015	0.015	0.015	0.026
GCD	75.0	99.927	0.015	0.015	0.015	0.029	0.209
GCD	76.0	99.972	0.015	0.015	0.015	0.022	0.071
GCD	77.0	99.977	0.015	0.015	0.015	0.015	0.015
GCD	78.0	99.986	0.015	0.015	0.015	0.015	0.015
GCD	79.0	99.995	0.015	0.015	0.015	0.015	0.015
GCD	80.0	100.000	0.015	0.015	0.015	0.015	0.015
